,l_a,sim,l_b,S
0,0,0,0,0.16919191919191923
1,0,0,1,0.09523809523809523
2,0,0,2,0.16755793226381466
3,0,0,3,0.019607843137254832
4,0,0,4,0.0060606060606061
5,0,0,5,0.10606060606060608
6,0,0,6,-0.16617790811339195
7,0,0,7,-0.0031897926634768536
8,0,0,8,0.05555555555555547
9,0,0,9,-0.025389025389025432
10,0,0,10,0.021505376344086002
11,0,0,11,0.04166666666666663
12,0,0,12,0.17035217035217037
13,0,0,13,-0.007575757575757569
14,0,0,14,0.0060606060606061
15,0,0,15,0.07291666666666663
16,0,0,16,0.22549019607843135
17,0,0,17,-0.029505582137161035
18,0,0,18,-0.07070707070707072
19,0,0,19,0.0060606060606061
20,0,0,20,0.03907496012759171
21,0,0,21,0.09790209790209792
22,0,0,22,0.022727272727272707
23,0,0,23,0.0060606060606061
24,0,0,24,0.018716577540106916
25,0,0,25,0.18268398268398278
26,0,0,26,-0.08311688311688314
27,0,0,27,0.2398268398268399
28,0,0,28,0.038493038493038534
29,0,0,29,0.1693404634581105
30,0,0,30,0.09350649350649354
31,0,0,31,0.09254709254709259
32,0,0,32,0.012310606060606077
33,0,0,33,0.030303030303030387
34,0,0,34,-0.1515151515151515
35,0,0,35,-0.20265151515151514
36,0,0,36,-0.021531100478468956
37,0,0,37,-0.1880570409982174
38,0,0,38,0.030303030303030387
39,0,0,39,0.16666666666666663
40,0,0,40,0.13237639553429031
41,0,0,41,-0.28787878787878796
42,0,0,42,-0.25454545454545463
43,0,0,43,-0.07814992025518341
44,0,0,44,-0.3194103194103195
45,0,0,45,-0.5552825552825553
46,0,0,46,-0.4275184275184276
47,0,0,47,-0.5481283422459893
48,0,0,48,-0.5411255411255411
49,0,0,49,-0.20959595959595956
50,0,1,0,0.17948717948717952
51,0,1,1,0.17420814479638014
52,0,1,2,0.09188034188034189
53,0,1,3,0.0953525641025641
54,0,1,4,0.09615384615384609
55,0,1,5,0.10695970695970697
56,0,1,6,0.013986013986013957
57,0,1,7,-0.02797202797202797
58,0,1,8,0.11538461538461542
59,0,1,9,0.037786774628879916
60,0,1,10,0.13028413028413027
61,0,1,11,0.22926093514328816
62,0,1,12,0.05641025641025643
63,0,1,13,-0.02790346907993968
64,0,1,14,0.053613053613053574
65,0,1,15,0.196078431372549
66,0,1,16,0.19602977667493798
67,0,1,17,0.08974358974358976
68,0,1,18,0.0641025641025641
69,0,1,19,0.02494802494802495
70,0,1,20,0.007211538461538436
71,0,1,21,-0.026334026334026317
72,0,1,22,0.116059379217274
73,0,1,23,0.17043740573152344
74,0,1,24,-0.07692307692307698
75,0,1,25,0.1998491704374058
76,0,1,26,0.07838827838827839
77,0,1,27,0.08974358974358976
78,0,1,28,-0.04195804195804198
79,0,1,29,0.10325710325710324
80,0,1,30,0.011470985155195623
81,0,1,31,-0.046003016591251944
82,0,1,32,0.05849358974358976
83,0,1,33,0.004662004662004726
84,0,1,34,0.17043740573152344
85,0,1,35,0.040598290598290565
86,0,1,36,-0.07692307692307698
87,0,1,37,0.038461538461538436
88,0,1,38,-0.0034650034650034467
89,0,1,39,0.14856711915535448
90,0,1,40,0.10695970695970697
91,0,1,41,0.055677655677655646
92,0,1,42,-0.3934294871794872
93,0,1,43,0.11410256410256409
94,0,1,44,-0.4047124047124047
95,0,1,45,0.07900207900207895
96,0,1,46,0.038461538461538436
97,0,1,47,-0.3288084464555052
98,0,1,48,-0.11740890688259109
99,0,1,49,-0.45460845460845467
100,0,2,0,-0.0444444444444444
101,0,2,1,-0.1111111111111111
102,0,2,2,-0.11965811965811968
103,0,2,3,-0.21269841269841272
104,0,2,4,-0.045454545454545414
105,0,2,5,-0.15634920634920635
106,0,2,6,-0.10353535353535359
107,0,2,7,-0.18055555555555558
108,0,2,8,-0.13888888888888884
109,0,2,9,-0.20261437908496738
110,0,2,10,0.05555555555555558
111,0,2,11,-0.17647058823529416
112,0,2,12,-0.2698412698412699
113,0,2,13,-0.15873015873015872
114,0,2,14,-0.10238095238095235
115,0,2,15,-0.20833333333333331
116,0,2,16,-0.05303030303030298
117,0,2,17,-0.1875
118,0,2,18,-0.2465277777777778
119,0,2,19,-0.015079365079365026
120,0,2,20,-0.02777777777777779
121,0,2,21,-0.18571428571428572
122,0,2,22,-0.20588235294117652
123,0,2,23,-0.03978978978978975
124,0,2,24,-0.02777777777777779
125,0,2,25,-0.15165165165165168
126,0,2,26,0.0
127,0,2,27,-0.2875375375375376
128,0,2,28,-0.015873015873015817
129,0,2,29,0.02614379084967322
130,0,2,30,0.16666666666666674
131,0,2,31,-0.125
132,0,2,32,-0.12936507936507935
133,0,2,33,-0.0714285714285714
134,0,2,34,-0.10277777777777775
135,0,2,35,-0.14393939393939392
136,0,2,36,-0.04054054054054057
137,0,2,37,-0.25
138,0,2,38,-0.1748366013071896
139,0,2,39,-0.22499999999999998
140,0,2,40,-0.25
141,0,2,41,-0.33783783783783783
142,0,2,42,-0.3055555555555556
143,0,2,43,-0.5149572649572649
144,0,2,44,-0.19444444444444442
145,0,2,45,-0.13888888888888884
146,0,2,46,-0.49019607843137253
147,0,2,47,-0.4722222222222222
148,0,2,48,-0.5555555555555556
149,0,2,49,-0.3948948948948949
150,0,3,0,0.10511363636363635
151,0,3,1,0.032900432900432985
152,0,3,2,0.06320346320346326
153,0,3,3,0.00909090909090915
154,0,3,4,-0.030303030303030276
155,0,3,5,-0.07135874877810355
156,0,3,6,0.1310606060606061
157,0,3,7,0.12121212121212122
158,0,3,8,-0.020779220779220786
159,0,3,9,0.1381461675579323
160,0,3,10,-0.02211302211302213
161,0,3,11,0.0505050505050505
162,0,3,12,0.09909909909909909
163,0,3,13,0.07664884135472372
164,0,3,14,0.03463203463203468
165,0,3,15,0.03116883116883118
166,0,3,16,-0.0492424242424242
167,0,3,17,0.018716577540106916
168,0,3,18,0.14987714987714984
169,0,3,19,0.011363636363636354
170,0,3,20,0.08333333333333326
171,0,3,21,-0.010101010101010166
172,0,3,22,-0.02251082251082248
173,0,3,23,-0.15724815724815733
174,0,3,24,0.06493506493506496
175,0,3,25,0.07692307692307687
176,0,3,26,-0.054545454545454564
177,0,3,27,-0.06060606060606055
178,0,3,28,0.2564102564102564
179,0,3,29,0.1282051282051282
180,0,3,30,-0.012285012285012331
181,0,3,31,-0.0071770334928230595
182,0,3,32,0.072072072072072
183,0,3,33,-0.07459207459207462
184,0,3,34,-0.04112554112554112
185,0,3,35,-0.009009009009009028
186,0,3,36,-0.0861244019138756
187,0,3,37,-0.14219114219114215
188,0,3,38,-0.3086124401913876
189,0,3,39,-0.3503325942350333
190,0,3,40,-0.16813294232649068
191,0,3,41,-0.407043407043407
192,0,3,42,-0.13101604278074874
193,0,3,43,-0.15454545454545454
194,0,3,44,0.13636363636363635
195,0,3,45,-0.037480063795853336
196,0,3,46,-0.16905901116427435
197,0,3,47,-0.496969696969697
198,0,3,48,-0.10023310023310028
199,0,3,49,-0.49870129870129876
200,0,4,0,0.16602316602316597
201,0,4,1,-0.004761904761904745
202,0,4,2,0.0626728110599078
203,0,4,3,-0.05714285714285716
204,0,4,4,0.12698412698412698
205,0,4,5,0.11515151515151512
206,0,4,6,-0.0626728110599078
207,0,4,7,0.05328185328185325
208,0,4,8,0.057142857142857106
209,0,4,9,0.14101382488479264
210,0,4,10,0.0714285714285714
211,0,4,11,0.07838827838827833
212,0,4,12,0.057142857142857106
213,0,4,13,0.07310924369747895
214,0,4,14,0.07410714285714282
215,0,4,15,0.22857142857142854
216,0,4,16,0.043697478991596594
217,0,4,17,-0.012030075187969946
218,0,4,18,0.08571428571428569
219,0,4,19,0.14208494208494205
220,0,4,20,0.19560439560439558
221,0,4,21,0.1744360902255639
222,0,4,22,-0.024710424710424728
223,0,4,23,0.09097744360902255
224,0,4,24,0.12180451127819547
225,0,4,25,0.17402597402597403
226,0,4,26,-0.10252100840336137
227,0,4,27,0.14718614718614714
228,0,4,28,-0.041269841269841345
229,0,4,29,0.12822299651567942
230,0,4,30,0.13260073260073257
231,0,4,31,-0.1523809523809524
232,0,4,32,0.1428571428571428
233,0,4,33,0.055299539170506895
234,0,4,34,-0.061471861471861566
235,0,4,35,0.042857142857142816
236,0,4,36,0.1296703296703296
237,0,4,37,0.2571428571428571
238,0,4,38,0.03003663003663004
239,0,4,39,-0.015126050420168125
240,0,4,40,0.057142857142857106
241,0,4,41,-0.2365079365079365
242,0,4,42,0.20075187969924807
243,0,4,43,-0.2153846153846154
244,0,4,44,0.014285714285714235
245,0,4,45,0.027705627705627678
246,0,4,46,-0.2725868725868726
247,0,4,47,-0.5541353383458647
248,0,4,48,-0.43474903474903476
249,0,4,49,-0.4920634920634921
250,0,5,0,-0.016042780748663055
251,0,5,1,-0.02941176470588236
252,0,5,2,-0.05882352941176472
253,0,5,3,-0.20392156862745092
254,0,5,4,-0.2074721780604134
255,0,5,5,-0.2549019607843137
256,0,5,6,-0.08349146110056926
257,0,5,7,0.07472178060413359
258,0,5,8,-0.1875
259,0,5,9,0.034155597722960174
260,0,5,10,-0.16176470588235292
261,0,5,11,-0.017825311942959
262,0,5,12,-0.07058823529411762
263,0,5,13,-0.16666666666666663
264,0,5,14,-0.08349146110056926
265,0,5,15,-0.19117647058823528
266,0,5,16,0.08513931888544896
267,0,5,17,-0.013445378151260456
268,0,5,18,-0.017825311942959
269,0,5,19,0.0
270,0,5,20,-0.21875
271,0,5,21,-0.11764705882352944
272,0,5,22,-0.27941176470588236
273,0,5,23,-0.1470588235294118
274,0,5,24,-0.15630252100840336
275,0,5,25,0.01764705882352946
276,0,5,26,-0.16666666666666663
277,0,5,27,0.07205882352941184
278,0,5,28,-0.020123839009287936
279,0,5,29,0.07472178060413359
280,0,5,30,-0.25198728139904614
281,0,5,31,-0.08974358974358976
282,0,5,32,-0.0404411764705882
283,0,5,33,-0.20588235294117652
284,0,5,34,-0.13888888888888884
285,0,5,35,-0.18571428571428572
286,0,5,36,-0.20588235294117652
287,0,5,37,-0.0117647058823529
288,0,5,38,0.03228120516499289
289,0,5,39,-0.07585139318885448
290,0,5,40,-0.19444444444444442
291,0,5,41,-0.04033613445378148
292,0,5,42,-0.1683006535947712
293,0,5,43,-0.008744038155802825
294,0,5,44,-0.1470588235294118
295,0,5,45,0.02305246422893481
296,0,5,46,-0.43034055727554177
297,0,5,47,-0.42483660130718953
298,0,5,48,-0.003974562798092163
299,0,5,49,-0.33109243697478996
300,0,6,0,-0.1308755760368664
301,0,6,1,0.0038610038610038533
302,0,6,2,0.0714285714285714
303,0,6,3,0.18345864661654138
304,0,6,4,-0.000772200772200804
305,0,6,5,0.1658986175115208
306,0,6,6,0.05627705627705626
307,0,6,7,0.11637630662020904
308,0,6,8,-0.026254826254826336
309,0,6,9,0.14208494208494205
310,0,6,10,0.0023166023166022454
311,0,6,11,0.24981684981684982
312,0,6,12,0.042857142857142816
313,0,6,13,-0.011904761904761973
314,0,6,14,0.08648648648648649
315,0,6,15,0.08571428571428574
316,0,6,16,-0.025000000000000022
317,0,6,17,0.0007722007722007485
318,0,6,18,0.2277992277992278
319,0,6,19,-0.021621621621621623
320,0,6,20,0.10801393728222991
321,0,6,21,-0.04705882352941182
322,0,6,22,0.014634146341463428
323,0,6,23,-0.2373015873015873
324,0,6,24,-0.04147465437788023
325,0,6,25,0.11505791505791507
326,0,6,26,0.09999999999999998
327,0,6,27,0.02779922779922772
328,0,6,28,-0.0756302521008404
329,0,6,29,0.08214285714285718
330,0,6,30,-0.1523809523809524
331,0,6,31,0.12936507936507935
332,0,6,32,-0.261904761904762
333,0,6,33,-0.0052631578947368585
334,0,6,34,-0.02857142857142858
335,0,6,35,-0.24247104247104256
336,0,6,36,0.12857142857142856
337,0,6,37,-0.16541353383458646
338,0,6,38,-0.45546218487394957
339,0,6,39,-0.17807308970099667
340,0,6,40,-0.3428571428571429
341,0,6,41,-0.3037593984962406
342,0,6,42,-0.2796992481203007
343,0,6,43,-0.3521235521235521
344,0,6,44,-0.4461538461538461
345,0,6,45,-0.5973214285714286
346,0,6,46,0.05482625482625475
347,0,6,47,-0.38532818532818536
348,0,6,48,-0.7189189189189189
349,0,6,49,-0.556390977443609
350,0,7,0,-0.25
351,0,7,1,-0.027243589743589758
352,0,7,2,-0.21875
353,0,7,3,-0.2154605263157895
354,0,7,4,-0.0903716216216216
355,0,7,5,-0.05849358974358976
356,0,7,6,-0.20692567567567566
357,0,7,7,-0.1578947368421053
358,0,7,8,-0.12857142857142856
359,0,7,9,-0.125
360,0,7,10,-0.22569444444444442
361,0,7,11,-0.34375
362,0,7,12,-0.044070512820512775
363,0,7,13,-0.18571428571428572
364,0,7,14,-0.00929054054054057
365,0,7,15,-0.07852564102564108
366,0,7,16,-0.021381578947368474
367,0,7,17,-0.02083333333333337
368,0,7,18,-0.04166666666666663
369,0,7,19,-0.3598214285714286
370,0,7,20,-0.06907894736842102
371,0,7,21,-0.13541666666666663
372,0,7,22,-0.0533088235294118
373,0,7,23,-0.006578947368421018
374,0,7,24,-0.16761363636363635
375,0,7,25,-0.19288793103448276
376,0,7,26,-0.03749999999999998
377,0,7,27,-0.10032894736842102
378,0,7,28,-0.1830357142857143
379,0,7,29,-0.011607142857142816
380,0,7,30,-0.22569444444444442
381,0,7,31,-0.14102564102564108
382,0,7,32,-0.19407894736842102
383,0,7,33,-0.16761363636363635
384,0,7,34,-0.13157894736842102
385,0,7,35,-0.15625
386,0,7,36,-0.029725609756097615
387,0,7,37,-0.4466911764705882
388,0,7,38,0.10624999999999996
389,0,7,39,-0.14442567567567566
390,0,7,40,-0.125
391,0,7,41,-0.4482142857142857
392,0,7,42,0.019054878048780477
393,0,7,43,-0.3125
394,0,7,44,-0.23395270270270274
395,0,7,45,-0.6546052631578947
396,0,7,46,-0.5295608108108109
397,0,7,47,-0.3060897435897436
398,0,7,48,-0.60625
399,0,7,49,-0.5962837837837838
400,0,8,0,0.16249999999999998
401,0,8,1,0.01092436974789912
402,0,8,2,-0.02857142857142858
403,0,8,3,0.045112781954887216
404,0,8,4,0.06874999999999998
405,0,8,5,-0.07478991596638662
406,0,8,6,-0.12207792207792212
407,0,8,7,-0.04621848739495804
408,0,8,8,0.0714285714285714
409,0,8,9,0.016541353383458635
410,0,8,10,-0.015966386554621903
411,0,8,11,0.024242424242424176
412,0,8,12,-0.061471861471861566
413,0,8,13,-0.10504201680672276
414,0,8,14,-0.09350649350649354
415,0,8,15,-0.05714285714285716
416,0,8,16,0.05714285714285716
417,0,8,17,-0.05625000000000002
418,0,8,18,0.058008658008657954
419,0,8,19,-0.14196428571428577
420,0,8,20,-0.009216589861751223
421,0,8,21,0.027705627705627678
422,0,8,22,0.015873015873015817
423,0,8,23,0.04117647058823526
424,0,8,24,-0.11904761904761907
425,0,8,25,-0.0060606060606061
426,0,8,26,0.019354838709677358
427,0,8,27,0.09523809523809523
428,0,8,28,0.015873015873015817
429,0,8,29,0.025974025974025983
430,0,8,30,0.06974789915966384
431,0,8,31,-0.10599078341013823
432,0,8,32,0.05791505791505791
433,0,8,33,0.2
434,0,8,34,0.0038610038610038533
435,0,8,35,-0.07478991596638662
436,0,8,36,0.0714285714285714
437,0,8,37,-0.07478991596638662
438,0,8,38,-0.07478991596638662
439,0,8,39,-0.11339285714285718
440,0,8,40,-0.02857142857142858
441,0,8,41,0.05714285714285716
442,0,8,42,-0.05173745173745181
443,0,8,43,-0.04537815126050426
444,0,8,44,-0.06746031746031744
445,0,8,45,0.11428571428571427
446,0,8,46,0.06785714285714284
447,0,8,47,-0.06071428571428572
448,0,8,48,-0.4484848484848485
449,0,8,49,-0.42521008403361343
450,0,9,0,0.10947712418300648
451,0,9,1,-0.12936507936507935
452,0,9,2,-0.07828282828282829
453,0,9,3,-0.015873015873015817
454,0,9,4,0.08625730994152037
455,0,9,5,-0.10672514619883045
456,0,9,6,0.2121212121212121
457,0,9,7,-0.06209150326797386
458,0,9,8,0.04354354354354362
459,0,9,9,0.004385964912280715
460,0,9,10,-0.0326797385620915
461,0,9,11,0.06984126984126987
462,0,9,12,-0.0326797385620915
463,0,9,13,0.09834834834834827
464,0,9,14,-0.016666666666666607
465,0,9,15,-0.08080808080808077
466,0,9,16,-0.27867383512544797
467,0,9,17,-0.10380116959064323
468,0,9,18,0.1237373737373737
469,0,9,19,-0.13888888888888884
470,0,9,20,-0.14542483660130723
471,0,9,21,-0.12698412698412698
472,0,9,22,0.06904761904761914
473,0,9,23,-0.09459459459459463
474,0,9,24,-0.08838383838383845
475,0,9,25,-0.125
476,0,9,26,-0.10079365079365077
477,0,9,27,0.09834834834834827
478,0,9,28,-0.07828282828282829
479,0,9,29,-0.015079365079365026
480,0,9,30,0.059941520467836185
481,0,9,31,-0.2055555555555555
482,0,9,32,-0.15793650793650793
483,0,9,33,0.07057057057057059
484,0,9,34,-0.13015873015873014
485,0,9,35,-0.2941176470588235
486,0,9,36,-0.13636363636363635
487,0,9,37,0.040476190476190554
488,0,9,38,0.04040404040404044
489,0,9,39,-0.0714285714285714
490,0,9,40,-0.11944444444444446
491,0,9,41,-0.10079365079365077
492,0,9,42,-0.26461988304093564
493,0,9,43,-0.09534534534534533
494,0,9,44,-0.27867383512544797
495,0,9,45,-0.13636363636363635
496,0,9,46,-0.30197132616487454
497,0,9,47,-0.2777777777777778
498,0,9,48,-0.40598290598290593
499,0,9,49,-0.42117117117117114
500,0,10,0,0.14285714285714285
501,0,10,1,0.0023166023166022454
502,0,10,2,-0.07857142857142863
503,0,10,3,0.15446428571428572
504,0,10,4,-0.07478991596638662
505,0,10,5,0.11428571428571427
506,0,10,6,-0.07004608294930881
507,0,10,7,-0.02857142857142858
508,0,10,8,0.014285714285714235
509,0,10,9,0.14285714285714285
510,0,10,10,0.014285714285714235
511,0,10,11,0.04523809523809519
512,0,10,12,-0.020689655172413834
513,0,10,13,0.013445378151260456
514,0,10,14,-0.1357142857142858
515,0,10,15,0.1428571428571428
516,0,10,16,0.08571428571428569
517,0,10,17,0.05281385281385276
518,0,10,18,0.015873015873015817
519,0,10,19,0.18412698412698414
520,0,10,20,-0.050892857142857184
521,0,10,21,-0.0848214285714286
522,0,10,22,-0.08965517241379317
523,0,10,23,-0.03463203463203468
524,0,10,24,0.032432432432432434
525,0,10,25,0.0714285714285714
526,0,10,26,-0.011111111111111183
527,0,10,27,0.08658008658008653
528,0,10,28,0.14285714285714285
529,0,10,29,0.042857142857142816
530,0,10,30,0.0444444444444444
531,0,10,31,-0.06466165413533842
532,0,10,32,0.12619047619047613
533,0,10,33,0.06666666666666665
534,0,10,34,0.018796992481202923
535,0,10,35,-0.12539682539682545
536,0,10,36,-0.04334975369458127
537,0,10,37,0.06917293233082705
538,0,10,38,0.0714285714285714
539,0,10,39,-0.05563909774436093
540,0,10,40,0.1310924369747899
541,0,10,41,0.0714285714285714
542,0,10,42,-0.4888030888030888
543,0,10,43,-0.3015037593984963
544,0,10,44,-0.19150579150579156
545,0,10,45,-0.4461538461538461
546,0,10,46,-0.5743589743589743
547,0,10,47,-0.49924812030075183
548,0,10,48,-0.6617760617760619
549,0,10,49,-0.5107142857142857
550,0,11,0,0.0727554179566563
551,0,11,1,0.14770797962648552
552,0,11,2,-0.023125996810207328
553,0,11,3,0.09103840682788045
554,0,11,4,-0.18148820326678766
555,0,11,5,-0.20977443609022556
556,0,11,6,0.0052631578947368585
557,0,11,7,-0.10254083484573495
558,0,11,8,0.23593466424682397
559,0,11,9,-0.16152450090744108
560,0,11,10,-0.17741935483870963
561,0,11,11,0.08204334365325083
562,0,11,12,0.11729323308270678
563,0,11,13,0.02894736842105261
564,0,11,14,0.0909774436090226
565,0,11,15,0.09409888357256779
566,0,11,16,0.023219814241486114
567,0,11,17,-0.06743421052631582
568,0,11,18,0.1450924608819345
569,0,11,19,0.07894736842105254
570,0,11,20,0.05687606112054333
571,0,11,21,-0.12074303405572762
572,0,11,22,-0.0014619883040936088
573,0,11,23,0.081453634085213
574,0,11,24,-0.018796992481202923
575,0,11,25,-0.03508771929824561
576,0,11,26,0.09244264507422406
577,0,11,27,0.1871345029239766
578,0,11,28,0.064826700898588
579,0,11,29,-0.018796992481202923
580,0,11,30,0.06675224646983313
581,0,11,31,0.06240601503759402
582,0,11,32,0.07585139318885448
583,0,11,33,0.09032716927453777
584,0,11,34,-0.014802631578947345
585,0,11,35,-0.2894736842105263
586,0,11,36,-0.15149359886201996
587,0,11,37,-0.33854907539118073
588,0,11,38,-0.035603715170278605
589,0,11,39,0.0
590,0,11,40,-0.4276315789473684
591,0,11,41,-0.41428571428571426
592,0,11,42,-0.42105263157894735
593,0,11,43,-0.5526315789473684
594,0,11,44,-0.4182076813655761
595,0,11,45,-0.4473684210526315
596,0,11,46,-0.6564722617354196
597,0,11,47,-0.52834008097166
598,0,11,48,-0.5453216374269007
599,0,11,49,-0.6280227596017071
600,0,12,0,0.13157894736842102
601,0,12,1,0.21671826625387003
602,0,12,2,0.009774436090225658
603,0,12,3,0.04048582995951422
604,0,12,4,0.07602339181286544
605,0,12,5,0.08646616541353391
606,0,12,6,-0.018796992481202923
607,0,12,7,0.02631578947368418
608,0,12,8,0.08646616541353391
609,0,12,9,0.3044096728307254
610,0,12,10,-0.012145748987854255
611,0,12,11,0.13157894736842102
612,0,12,12,0.10526315789473684
613,0,12,13,-0.027113237639553422
614,0,12,14,0.0052631578947368585
615,0,12,15,0.02777777777777779
616,0,12,16,0.10526315789473684
617,0,12,17,0.09246088193456614
618,0,12,18,0.22030075187969933
619,0,12,19,0.1458646616541353
620,0,12,20,0.05263157894736836
621,0,12,21,0.049535603715170295
622,0,12,22,0.19635627530364375
623,0,12,23,-0.11802232854864436
624,0,12,24,0.09459459459459457
625,0,12,25,0.03834586466165424
626,0,12,26,0.02631578947368418
627,0,12,27,0.1662387676508344
628,0,12,28,-0.02777777777777779
629,0,12,29,0.0909774436090226
630,0,12,30,0.18421052631578944
631,0,12,31,0.04048582995951422
632,0,12,32,0.13157894736842107
633,0,12,33,0.1564327485380117
634,0,12,34,0.0
635,0,12,35,0.07894736842105265
636,0,12,36,-0.013513513513513487
637,0,12,37,0.07894736842105254
638,0,12,38,0.14580369843527735
639,0,12,39,0.1549707602339181
640,0,12,40,0.011379800853485111
641,0,12,41,0.024853801169590684
642,0,12,42,-0.09548872180451123
643,0,12,43,-0.13157894736842102
644,0,12,44,-0.2631578947368421
645,0,12,45,0.14580369843527735
646,0,12,46,-0.44611528822055135
647,0,12,47,-0.4957325746799431
648,0,12,48,-0.13450292397660824
649,0,12,49,-0.3751686909581647
650,0,13,0,-0.09493087557603691
651,0,13,1,-0.04864864864864871
652,0,13,2,-0.14196428571428577
653,0,13,3,0.09831932773109242
654,0,13,4,-0.07394957983193284
655,0,13,5,-0.04206349206349208
656,0,13,6,0.2043290043290043
657,0,13,7,-0.08571428571428574
658,0,13,8,0.055299539170506895
659,0,13,9,0.2691729323308271
660,0,13,10,0.06153846153846154
661,0,13,11,-0.09523809523809523
662,0,13,12,0.15714285714285714
663,0,13,13,0.05714285714285716
664,0,13,14,0.2420634920634921
665,0,13,15,0.0
666,0,13,16,0.16911196911196907
667,0,13,17,-0.09350649350649354
668,0,13,18,0.1547619047619047
669,0,13,19,0.05791505791505791
670,0,13,20,0.18823529411764706
671,0,13,21,0.042857142857142816
672,0,13,22,0.1981566820276498
673,0,13,23,0.23290043290043289
674,0,13,24,0.14208494208494205
675,0,13,25,0.04033613445378148
676,0,13,26,0.08571428571428574
677,0,13,27,0.10084033613445376
678,0,13,28,0.14285714285714285
679,0,13,29,0.08339768339768333
680,0,13,30,-0.040476190476190554
681,0,13,31,0.13899613899613894
682,0,13,32,0.2571428571428572
683,0,13,33,-0.13281853281853284
684,0,13,34,0.0073260073260073
685,0,13,35,0.14470046082949306
686,0,13,36,0.05108225108225106
687,0,13,37,0.11196911196911191
688,0,13,38,-0.014778325123152691
689,0,13,39,0.1428571428571429
690,0,13,40,0.2075187969924812
691,0,13,41,0.11282051282051281
692,0,13,42,0.11428571428571432
693,0,13,43,-0.26696428571428577
694,0,13,44,-0.013492063492063555
695,0,13,45,-0.15984555984555993
696,0,13,46,-0.39999999999999997
697,0,13,47,-0.4805194805194805
698,0,13,48,-0.29642857142857143
699,0,13,49,-0.32727272727272727
700,0,14,0,0.2256778309409888
701,0,14,1,0.12848297213622295
702,0,14,2,0.16696914700544463
703,0,14,3,-0.012383900928792602
704,0,14,4,0.03056027164685915
705,0,14,5,0.12041467304625197
706,0,14,6,0.03609022556390984
707,0,14,7,-0.009287925696594423
708,0,14,8,0.0909774436090226
709,0,14,9,-0.046052631578947345
710,0,14,10,0.09907120743034059
711,0,14,11,0.12456140350877198
712,0,14,12,-0.0017543859649122862
713,0,14,13,0.1266447368421053
714,0,14,14,0.11642743221690588
715,0,14,15,0.0
716,0,14,16,0.2675438596491228
717,0,14,17,0.012733446519524683
718,0,14,18,-0.052631578947368474
719,0,14,19,0.052631578947368474
720,0,14,20,-0.028013582342954146
721,0,14,21,0.10526315789473684
722,0,14,22,-0.01493598862019907
723,0,14,23,0.1578947368421053
724,0,14,24,0.16905901116427435
725,0,14,25,0.049707602339181256
726,0,14,26,0.14360902255639107
727,0,14,27,0.10380116959064323
728,0,14,28,0.1721804511278196
729,0,14,29,0.014844804318488558
730,0,14,30,0.02551834130781494
731,0,14,31,0.07748538011695905
732,0,14,32,-0.04060150375939847
733,0,14,33,0.27554179566563475
734,0,14,34,0.06401137980085347
735,0,14,35,0.049707602339181256
736,0,14,36,0.22706766917293236
737,0,14,37,0.06466165413533842
738,0,14,38,0.17304625199362045
739,0,14,39,0.16816431322207953
740,0,14,40,-0.0292397660818714
741,0,14,41,0.11544991511035652
742,0,14,42,0.13157894736842102
743,0,14,43,0.10526315789473684
744,0,14,44,0.012091038406827903
745,0,14,45,-0.2804878048780488
746,0,14,46,-0.5263157894736843
747,0,14,47,0.13304093567251463
748,0,14,48,-0.543343653250774
749,0,14,49,-0.5761024182076814
750,0,15,0,-0.01388888888888884
751,0,15,1,-0.13888888888888884
752,0,15,2,0.06984126984126987
753,0,15,3,-0.02777777777777779
754,0,15,4,-0.06372549019607843
755,0,15,5,-0.09722222222222221
756,0,15,6,0.033625730994152
757,0,15,7,-0.03735632183908044
758,0,15,8,-0.1470588235294118
759,0,15,9,0.12121212121212122
760,0,15,10,-0.11111111111111105
761,0,15,11,-0.08333333333333326
762,0,15,12,-0.04513888888888884
763,0,15,13,-0.06372549019607843
764,0,15,14,-0.0444444444444444
765,0,15,15,-0.13157894736842102
766,0,15,16,-0.11111111111111105
767,0,15,17,0.02777777777777779
768,0,15,18,0.06746031746031744
769,0,15,19,-0.1216216216216216
770,0,15,20,-0.13015873015873014
771,0,15,21,-0.18571428571428572
772,0,15,22,-0.15714285714285714
773,0,15,23,-0.1470588235294118
774,0,15,24,0.02777777777777779
775,0,15,25,-0.04678362573099415
776,0,15,26,-0.19444444444444442
777,0,15,27,-0.13888888888888884
778,0,15,28,-0.10069444444444442
779,0,15,29,-0.012820512820512775
780,0,15,30,-0.07828282828282829
781,0,15,31,-0.15634920634920635
782,0,15,32,-0.016666666666666607
783,0,15,33,-0.021929824561403466
784,0,15,34,-0.12312312312312312
785,0,15,35,-0.20195195195195192
786,0,15,36,-0.2150793650793651
787,0,15,37,-0.2713675213675214
788,0,15,38,-0.010683760683760646
789,0,15,39,0.0029239766081871066
790,0,15,40,-0.12777777777777777
791,0,15,41,-0.16666666666666669
792,0,15,42,-0.23684210526315785
793,0,15,43,-0.22008547008547008
794,0,15,44,-0.3611111111111111
795,0,15,45,-0.3184281842818428
796,0,15,46,-0.3166666666666666
797,0,15,47,-0.522609819121447
798,0,15,48,-0.4416666666666667
799,0,15,49,-0.4749322493224932
800,0,16,0,-0.020435069215557045
801,0,16,1,-0.19768339768339765
802,0,16,2,0.042674253200568946
803,0,16,3,-0.07472178060413359
804,0,16,4,-0.1335453100158983
805,0,16,5,-0.09254709254709259
806,0,16,6,-0.07949125596184425
807,0,16,7,-0.08445945945945943
808,0,16,8,0.11206328279499012
809,0,16,9,-0.01981981981981984
810,0,16,10,-0.01501501501501501
811,0,16,11,0.08316008316008316
812,0,16,12,-0.007432432432432412
813,0,16,13,0.05474705474705477
814,0,16,14,-0.014264264264264304
815,0,16,15,-0.3915057915057915
816,0,16,16,-0.04746209624258413
817,0,16,17,-0.2610038610038611
818,0,16,18,0.12091038406827886
819,0,16,19,-0.07472178060413359
820,0,16,20,-0.2635135135135135
821,0,16,21,-0.004914004914004844
822,0,16,22,-0.08108108108108114
823,0,16,23,-0.19236883942766303
824,0,16,24,-0.08108108108108114
825,0,16,25,-0.06401137980085347
826,0,16,26,-0.12462462462462465
827,0,16,27,0.029106029106029108
828,0,16,28,-0.2780938833570412
829,0,16,29,-0.27667140825035563
830,0,16,30,-0.05405405405405406
831,0,16,31,0.09388335704125178
832,0,16,32,0.020077220077220126
833,0,16,33,-0.12387387387387389
834,0,16,34,-0.023562023562023526
835,0,16,35,0.0039551746868820015
836,0,16,36,-0.43243243243243246
837,0,16,37,-0.19236883942766303
838,0,16,38,-0.11351351351351346
839,0,16,39,-0.4228934817170111
840,0,16,40,-0.5374517374517374
841,0,16,41,-0.4623044096728307
842,0,16,42,-0.5772200772200773
843,0,16,43,-0.20720720720720714
844,0,16,44,-0.1405405405405405
845,0,16,45,-0.06543385490753917
846,0,16,46,-0.4721780604133545
847,0,16,47,-0.6448948948948949
848,0,16,48,-0.674924924924925
849,0,16,49,-0.6507823613086771
850,0,17,0,0.07499999999999996
851,0,17,1,0.05945945945945941
852,0,17,2,0.17222222222222217
853,0,17,3,-0.03423423423423422
854,0,17,4,0.19999999999999996
855,0,17,5,0.2666666666666667
856,0,17,6,-0.11111111111111116
857,0,17,7,0.0117647058823529
858,0,17,8,0.08602150537634401
859,0,17,9,0.12051282051282053
860,0,17,10,0.14736842105263148
861,0,17,11,0.1333333333333333
862,0,17,12,0.10555555555555551
863,0,17,13,0.06190476190476191
864,0,17,14,0.16666666666666663
865,0,17,15,0.30512820512820515
866,0,17,16,0.0
867,0,17,17,-0.21111111111111114
868,0,17,18,-0.10555555555555551
869,0,17,19,0.10624999999999996
870,0,17,20,0.12857142857142856
871,0,17,21,0.09166666666666667
872,0,17,22,0.18181818181818177
873,0,17,23,0.24684684684684677
874,0,17,24,0.005555555555555536
875,0,17,25,-0.03809523809523807
876,0,17,26,0.06576576576576576
877,0,17,27,0.13008130081300806
878,0,17,28,0.0871794871794872
879,0,17,29,0.0444444444444444
880,0,17,30,0.004761904761904745
881,0,17,31,0.11904761904761907
882,0,17,32,0.09999999999999998
883,0,17,33,-0.027927927927927976
884,0,17,34,0.02857142857142858
885,0,17,35,0.04117647058823526
886,0,17,36,0.1952380952380952
887,0,17,37,-0.1471544715447155
888,0,17,38,-0.11764705882352944
889,0,17,39,-0.036363636363636376
890,0,17,40,-0.30175438596491233
891,0,17,41,-0.23333333333333328
892,0,17,42,-0.3380952380952381
893,0,17,43,-0.15555555555555556
894,0,17,44,0.32307692307692304
895,0,17,45,0.06153846153846154
896,0,17,46,-0.368421052631579
897,0,17,47,-0.4043010752688172
898,0,17,48,-0.48333333333333334
899,0,17,49,-0.275
900,0,18,0,0.07849462365591398
901,0,18,1,-0.053763440860215006
902,0,18,2,0.06451612903225801
903,0,18,3,0.19907834101382493
904,0,18,4,-0.09498207885304666
905,0,18,5,0.09252971137521215
906,0,18,6,-0.025985663082437216
907,0,18,7,0.020161290322580627
908,0,18,8,0.12903225806451613
909,0,18,9,0.08266129032258063
910,0,18,10,-0.01310483870967738
911,0,18,11,0.20519713261648742
912,0,18,12,0.000948766603415474
913,0,18,13,0.3170506912442396
914,0,18,14,0.2189638318670577
915,0,18,15,0.009216589861751223
916,0,18,16,0.3735144312393888
917,0,18,17,0.2451612903225806
918,0,18,18,0.03910068426197455
919,0,18,19,-0.012096774193548376
920,0,18,20,-0.10026155187445518
921,0,18,21,0.18570183086312114
922,0,18,22,0.1362007168458782
923,0,18,23,0.16129032258064513
924,0,18,24,0.006842619745845546
925,0,18,25,0.1906158357771261
926,0,18,26,-0.12023460410557185
927,0,18,27,-0.004743833017077814
928,0,18,28,0.13456221198156681
929,0,18,29,-0.043346774193548376
930,0,18,30,0.10462074978204006
931,0,18,31,-0.1078629032258065
932,0,18,32,0.17741935483870963
933,0,18,33,0.02027649769585249
934,0,18,34,0.14516129032258063
935,0,18,35,0.1880184331797235
936,0,18,36,0.1389578163771712
937,0,18,37,-0.17693059628543495
938,0,18,38,0.07741935483870965
939,0,18,39,-0.044991511035653686
940,0,18,40,-0.31720430107526887
941,0,18,41,-0.4184829991281604
942,0,18,42,0.016129032258064502
943,0,18,43,-0.5201612903225806
944,0,18,44,-0.5265911072362686
945,0,18,45,-0.14470046082949306
946,0,18,46,-0.6327543424317619
947,0,18,47,-0.6537001897533207
948,0,18,48,-0.5985663082437276
949,0,18,49,-0.5278592375366569
950,0,19,0,-0.02941176470588236
951,0,19,1,-0.0757575757575758
952,0,19,2,0.02941176470588236
953,0,19,3,0.05718954248366015
954,0,19,4,0.08986928104575165
955,0,19,5,-0.0757575757575758
956,0,19,6,-0.08823529411764708
957,0,19,7,0.07219251336898402
958,0,19,8,-0.02631578947368418
959,0,19,9,0.055727554179566596
960,0,19,10,0.178622668579627
961,0,19,11,0.06372549019607843
962,0,19,12,0.02941176470588236
963,0,19,13,0.0678733031674208
964,0,19,14,0.11455108359133132
965,0,19,15,0.15966386554621853
966,0,19,16,0.025490196078431393
967,0,19,17,0.0
968,0,19,18,0.04537815126050426
969,0,19,19,-0.04634581105169344
970,0,19,20,-0.04634581105169344
971,0,19,21,0.055727554179566596
972,0,19,22,-0.005514705882352922
973,0,19,23,-0.15798319327731092
974,0,19,24,-0.05555555555555558
975,0,19,25,0.08496732026143794
976,0,19,26,0.07308377896613194
977,0,19,27,-0.11764705882352944
978,0,19,28,0.013445378151260512
979,0,19,29,-0.04643962848297212
980,0,19,30,-0.05555555555555558
981,0,19,31,0.0016339869281045694
982,0,19,32,-0.06995230524642293
983,0,19,33,-0.02941176470588236
984,0,19,34,-0.015898251192368873
985,0,19,35,0.20519835841313272
986,0,19,36,-0.05882352941176472
987,0,19,37,0.02757352941176472
988,0,19,38,0.17027863777089786
989,0,19,39,-0.47549019607843135
990,0,19,40,-0.11923688394276633
991,0,19,41,-0.4722689075630252
992,0,19,42,0.02941176470588236
993,0,19,43,-0.40819964349376114
994,0,19,44,-0.36764705882352944
995,0,19,45,-0.5669934640522876
996,0,19,46,-0.5154798761609907
997,0,19,47,-0.561344537815126
998,0,19,48,-0.5776772247360482
999,0,19,49,-0.5119236883942766
1000,0,20,0,0.1308755760368664
1001,0,20,1,0.16913687881429817
1002,0,20,2,0.07373271889400923
1003,0,20,3,0.19170506912442392
1004,0,20,4,0.2329749103942652
1005,0,20,5,0.3225806451612903
1006,0,20,6,0.06635944700460839
1007,0,20,7,0.05734767025089604
1008,0,20,8,0.03989813242784379
1009,0,20,9,0.17147707979626486
1010,0,20,10,0.16031280547409577
1011,0,20,11,0.15944700460829492
1012,0,20,12,0.09252971137521215
1013,0,20,13,0.16031280547409577
1014,0,20,14,0.14516129032258063
1015,0,20,15,0.3548387096774193
1016,0,20,16,0.3471986417657046
1017,0,20,17,0.08960573476702505
1018,0,20,18,0.2547559966914806
1019,0,20,19,0.14616935483870963
1020,0,20,20,0.07741935483870965
1021,0,20,21,0.33087557603686635
1022,0,20,22,0.24193548387096775
1023,0,20,23,0.16390584132519614
1024,0,20,24,0.14231499051233398
1025,0,20,25,0.08633776091081591
1026,0,20,26,0.24092741935483875
1027,0,20,27,0.0017921146953404632
1028,0,20,28,0.24813895781637718
1029,0,20,29,0.18362282878411906
1030,0,20,30,0.00992555831265507
1031,0,20,31,0.32551319648093846
1032,0,20,32,-0.02043010752688168
1033,0,20,33,0.30443548387096775
1034,0,20,34,-0.21209677419354833
1035,0,20,35,-0.20723362658846523
1036,0,20,36,-0.021505376344086002
1037,0,20,37,0.21415770609318996
1038,0,20,38,0.1953917050691245
1039,0,20,39,0.20373514431239387
1040,0,20,40,-0.09435483870967742
1041,0,20,41,0.016542597187758523
1042,0,20,42,-0.38172043010752693
1043,0,20,43,0.11290322580645162
1044,0,20,44,-0.3438030560271647
1045,0,20,45,-0.17661290322580647
1046,0,20,46,-0.3951612903225806
1047,0,20,47,-0.478494623655914
1048,0,20,48,-0.6393713813068652
1049,0,20,49,-0.5712037765538945
1050,0,21,0,-0.01388888888888884
1051,0,21,1,0.20495495495495497
1052,0,21,2,0.031609195402298895
1053,0,21,3,-0.12222222222222223
1054,0,21,4,0.1872759856630824
1055,0,21,5,0.09401709401709402
1056,0,21,6,-0.00694444444444442
1057,0,21,7,0.041269841269841345
1058,0,21,8,0.012626262626262652
1059,0,21,9,-0.20370370370370372
1060,0,21,10,-0.12634408602150538
1061,0,21,11,0.06060606060606055
1062,0,21,12,0.09848484848484851
1063,0,21,13,0.04861111111111116
1064,0,21,14,0.19444444444444442
1065,0,21,15,-0.0505050505050505
1066,0,21,16,-0.0505050505050505
1067,0,21,17,0.02450980392156865
1068,0,21,18,-0.12777777777777777
1069,0,21,19,0.09848484848484851
1070,0,21,20,-0.02777777777777779
1071,0,21,21,-0.00694444444444442
1072,0,21,22,-0.0326797385620915
1073,0,21,23,0.19444444444444442
1074,0,21,24,0.1143790849673203
1075,0,21,25,0.03831417624521072
1076,0,21,26,0.09759759759759767
1077,0,21,27,-0.09375
1078,0,21,28,-0.0427927927927928
1079,0,21,29,0.13888888888888884
1080,0,21,30,0.0
1081,0,21,31,0.012698412698412764
1082,0,21,32,0.15165165165165168
1083,0,21,33,0.11458333333333337
1084,0,21,34,0.041269841269841345
1085,0,21,35,-0.02020202020202022
1086,0,21,36,0.05555555555555558
1087,0,21,37,0.12724014336917566
1088,0,21,38,0.04545454545454547
1089,0,21,39,0.06825396825396834
1090,0,21,40,0.06984126984126987
1091,0,21,41,0.08333333333333337
1092,0,21,42,-0.34649122807017546
1093,0,21,43,-0.00347222222222221
1094,0,21,44,0.05555555555555558
1095,0,21,45,0.06984126984126987
1096,0,21,46,-0.425438596491228
1097,0,21,47,-0.2647058823529411
1098,0,21,48,-0.6973684210526315
1099,0,21,49,-0.6388888888888888
1100,0,22,0,0.07179054054054057
1101,0,22,1,-0.29809220985691576
1102,0,22,2,-0.17792792792792794
1103,0,22,3,-0.13116057233704292
1104,0,22,4,-0.17065637065637063
1105,0,22,5,-0.31351351351351353
1106,0,22,6,-0.11877667140825032
1107,0,22,7,-0.10974610974610971
1108,0,22,8,-0.1288981288981289
1109,0,22,9,-0.1998577524893314
1110,0,22,10,-0.2277992277992278
1111,0,22,11,0.01493598862019907
1112,0,22,12,-0.09174964438122335
1113,0,22,13,-0.017567567567567555
1114,0,22,14,-0.2052364864864865
1115,0,22,15,-0.08494208494208488
1116,0,22,16,-0.10413354531001595
1117,0,22,17,0.1891891891891892
1118,0,22,18,-0.06981981981981988
1119,0,22,19,-0.2532005689900426
1120,0,22,20,-0.285012285012285
1121,0,22,21,-0.22471042471042468
1122,0,22,22,0.0050675675675675436
1123,0,22,23,-0.2277992277992278
1124,0,22,24,-0.1405405405405405
1125,0,22,25,-0.2261735419630156
1126,0,22,26,-0.23562023562023565
1127,0,22,27,-0.12612612612612606
1128,0,22,28,-0.32988871224165345
1129,0,22,29,-0.29729729729729726
1130,0,22,30,-0.3436293436293436
1131,0,22,31,-0.22316602316602313
1132,0,22,32,-0.14517374517374515
1133,0,22,33,-0.2322635135135135
1134,0,22,34,-0.07601351351351349
1135,0,22,35,-0.1714082503556188
1136,0,22,36,-0.1891891891891892
1137,0,22,37,-0.23423423423423417
1138,0,22,38,0.027027027027026973
1139,0,22,39,-0.12285012285012287
1140,0,22,40,-0.3554463554463554
1141,0,22,41,-0.5190575190575191
1142,0,22,42,-0.35846372688477945
1143,0,22,43,-0.5731115731115731
1144,0,22,44,-0.6486486486486487
1145,0,22,45,-0.2466216216216216
1146,0,22,46,-0.5135135135135135
1147,0,22,47,-0.7297297297297298
1148,0,22,48,-0.11351351351351346
1149,0,22,49,-0.7004504504504504
1150,0,23,0,-0.0492424242424242
1151,0,23,1,0.014204545454545414
1152,0,23,2,0.12121212121212122
1153,0,23,3,-0.037480063795853336
1154,0,23,4,0.16136363636363638
1155,0,23,5,-0.03349282296650724
1156,0,23,6,0.017676767676767624
1157,0,23,7,-0.034965034965035
1158,0,23,8,-0.13022113022113024
1159,0,23,9,-0.037480063795853336
1160,0,23,10,0.06060606060606055
1161,0,23,11,-0.1842751842751843
1162,0,23,12,-0.0861244019138756
1163,0,23,13,-0.11868686868686862
1164,0,23,14,-0.28074866310160435
1165,0,23,15,-0.12121212121212122
1166,0,23,16,0.11111111111111105
1167,0,23,17,-0.16709956709956708
1168,0,23,18,-0.06060606060606066
1169,0,23,19,0.0797448165869219
1170,0,23,20,0.01146601146601145
1171,0,23,21,0.0757575757575758
1172,0,23,22,-0.17402597402597403
1173,0,23,23,0.006993006993006978
1174,0,23,24,0.0757575757575758
1175,0,23,25,-0.037878787878787956
1176,0,23,26,0.18279569892473113
1177,0,23,27,0.10606060606060608
1178,0,23,28,0.10207336523126004
1179,0,23,29,-0.007575757575757569
1180,0,23,30,-0.039911308203991136
1181,0,23,31,0.061471861471861566
1182,0,23,32,-0.04146730462519932
1183,0,23,33,0.11888111888111891
1184,0,23,34,-0.27954545454545454
1185,0,23,35,0.171969696969697
1186,0,23,36,-0.43822843822843827
1187,0,23,37,0.04508499630450846
1188,0,23,38,-0.07925407925407923
1189,0,23,39,-0.2862838915470494
1190,0,23,40,0.3141945773524721
1191,0,23,41,-0.4946764946764947
1192,0,23,42,-0.04582409460458248
1193,0,23,43,-0.30221130221130227
1194,0,23,44,-0.3955342902711324
1195,0,23,45,-0.4258373205741627
1196,0,23,46,-0.5252525252525252
1197,0,23,47,-0.3207070707070707
1198,0,23,48,-0.3865683865683866
1199,0,23,49,-0.71007371007371
1200,0,24,0,0.03910068426197455
1201,0,24,1,0.17634408602150542
1202,0,24,2,-0.1163245356793744
1203,0,24,3,0.011827956989247324
1204,0,24,4,0.1201612903225806
1205,0,24,5,0.020609318996415715
1206,0,24,6,0.13921901528013586
1207,0,24,7,0.1880184331797235
1208,0,24,8,0.08266129032258063
1209,0,24,9,-0.22672811059907838
1210,0,24,10,0.1430107526881721
1211,0,24,11,-0.06451612903225812
1212,0,24,12,-0.12218963831867058
1213,0,24,13,0.17050691244239635
1214,0,24,14,-0.03130929791271353
1215,0,24,15,0.20967741935483875
1216,0,24,16,-0.007168458781362075
1217,0,24,17,0.028013582342954146
1218,0,24,18,0.05432937181663844
1219,0,24,19,-0.007590132827324458
1220,0,24,20,0.09847198641765698
1221,0,24,21,-0.053763440860215006
1222,0,24,22,-0.008718395815169977
1223,0,24,23,-0.0026881720430107503
1224,0,24,24,-0.04928315412186379
1225,0,24,25,-0.018675721561969394
1226,0,24,26,0.10166177908113383
1227,0,24,27,-0.04620749782040112
1228,0,24,28,-0.032258064516129004
1229,0,24,29,-0.1095076400679118
1230,0,24,30,0.02751423149905119
1231,0,24,31,0.15798180314309346
1232,0,24,32,0.019153225806451624
1233,0,24,33,-0.015668202764976935
1234,0,24,34,-0.15053763440860213
1235,0,24,35,-0.04792626728110594
1236,0,24,36,-0.055299539170506895
1237,0,24,37,-0.12275985663082434
1238,0,24,38,0.1007081038552321
1239,0,24,39,0.009216589861751223
1240,0,24,40,0.016542597187758523
1241,0,24,41,-0.3368121442125237
1242,0,24,42,0.19616390584132526
1243,0,24,43,-0.5663082437275986
1244,0,24,44,-0.5293631100082712
1245,0,24,45,-0.5332068311195446
1246,0,24,46,-0.5745422842197037
1247,0,24,47,-0.7186379928315412
1248,0,24,48,-0.6689303904923599
1249,0,24,49,-0.4980330448465775
1250,1,0,0,0.4756944444444444
1251,1,0,1,0.2623106060606061
1252,1,0,2,0.15257352941176472
1253,1,0,3,0.21381578947368424
1254,1,0,4,0.2775735294117647
1255,1,0,5,0.18125000000000002
1256,1,0,6,0.6941287878787878
1257,1,0,7,0.15625
1258,1,0,8,0.4214527027027027
1259,1,0,9,0.3611111111111111
1260,1,0,10,0.24632352941176472
1261,1,0,11,0.09375
1262,1,0,12,0.40714285714285714
1263,1,0,13,-0.15625
1264,1,0,14,0.1284722222222222
1265,1,0,15,0.2865853658536585
1266,1,0,16,0.15992647058823528
1267,1,0,17,0.01041666666666663
1268,1,0,18,0.27389705882352944
1269,1,0,19,0.12152777777777779
1270,1,0,20,-0.02946428571428572
1271,1,0,21,0.3229166666666667
1272,1,0,22,0.30625
1273,1,0,23,0.3217905405405405
1274,1,0,24,-0.17463235294117652
1275,1,0,25,-0.01736111111111116
1276,1,0,26,0.06756756756756754
1277,1,0,27,0.07179054054054052
1278,1,0,28,-0.10416666666666663
1279,1,0,29,0.23519736842105265
1280,1,0,30,-0.27318548387096775
1281,1,0,31,-0.04356060606060608
1282,1,0,32,0.1875
1283,1,0,33,-0.09732142857142856
1284,1,0,34,-0.047256097560975596
1285,1,0,35,0.07291666666666663
1286,1,0,36,0.02767857142857144
1287,1,0,37,0.10803571428571429
1288,1,0,38,-0.13541666666666663
1289,1,0,39,-0.05288461538461542
1290,1,0,40,0.11570945945945943
1291,1,0,41,-0.15709459459459463
1292,1,0,42,-0.03125
1293,1,0,43,0.10657051282051283
1294,1,0,44,0.032774390243902385
1295,1,0,45,-0.21964285714285714
1296,1,0,46,0.024038461538461564
1297,1,0,47,0.08841463414634143
1298,1,0,48,0.0625
1299,1,0,49,0.09375
1300,1,1,0,0.3991228070175438
1301,1,1,1,0.791866028708134
1302,1,1,2,0.7197368421052632
1303,1,1,3,0.8328173374613003
1304,1,1,4,0.7151702786377709
1305,1,1,5,0.6432748538011696
1306,1,1,6,0.7105263157894737
1307,1,1,7,0.7844950213371267
1308,1,1,8,0.5350877192982457
1309,1,1,9,0.6180223285486444
1310,1,1,10,0.8022556390977444
1311,1,1,11,0.6085526315789473
1312,1,1,12,0.569701280227596
1313,1,1,13,0.6681286549707602
1314,1,1,14,0.24122807017543862
1315,1,1,15,0.5837320574162679
1316,1,1,16,0.26461988304093564
1317,1,1,17,0.6197368421052631
1318,1,1,18,0.6879699248120301
1319,1,1,19,0.023219814241486114
1320,1,1,20,0.26006191950464397
1321,1,1,21,0.5944272445820433
1322,1,1,22,0.5877192982456141
1323,1,1,23,0.6044142614601018
1324,1,1,24,0.5271132376395534
1325,1,1,25,0.3894736842105263
1326,1,1,26,0.23684210526315785
1327,1,1,27,0.5197368421052632
1328,1,1,28,0.5350877192982457
1329,1,1,29,0.11954887218045113
1330,1,1,30,0.17283072546230438
1331,1,1,31,0.1842105263157895
1332,1,1,32,-0.08333333333333337
1333,1,1,33,0.22403982930298716
1334,1,1,34,-0.0014619883040936088
1335,1,1,35,0.0789473684210526
1336,1,1,36,0.3307254623044097
1337,1,1,37,0.02631578947368418
1338,1,1,38,-0.08513931888544896
1339,1,1,39,0.26315789473684215
1340,1,1,40,0.1359649122807018
1341,1,1,41,-0.026315789473684237
1342,1,1,42,-0.1626794258373206
1343,1,1,43,-0.1716791979949875
1344,1,1,44,0.10526315789473689
1345,1,1,45,0.04125177809388331
1346,1,1,46,0.30789473684210533
1347,1,1,47,0.07368421052631574
1348,1,1,48,0.04060150375939847
1349,1,1,49,0.04999999999999999
1350,1,2,0,0.4664092664092664
1351,1,2,1,0.5945945945945946
1352,1,2,2,0.5505791505791506
1353,1,2,3,0.6597366597366598
1354,1,2,4,0.1842751842751843
1355,1,2,5,0.5648648648648649
1356,1,2,6,0.6966966966966968
1357,1,2,7,0.18918918918918914
1358,1,2,8,0.6486486486486487
1359,1,2,9,0.5828135828135829
1360,1,2,10,0.5378378378378379
1361,1,2,11,0.2019914651493599
1362,1,2,12,0.629570747217806
1363,1,2,13,0.49343629343629347
1364,1,2,14,0.5315315315315317
1365,1,2,15,0.3926426426426427
1366,1,2,16,0.2702702702702703
1367,1,2,17,0.2844950213371267
1368,1,2,18,0.5031185031185031
1369,1,2,19,0.46764946764946763
1370,1,2,20,0.4767267267267267
1371,1,2,21,0.2878378378378378
1372,1,2,22,0.23832923832923836
1373,1,2,23,0.3371266002844951
1374,1,2,24,0.11861861861861855
1375,1,2,25,-0.4519519519519519
1376,1,2,26,-0.027027027027027084
1377,1,2,27,0.2543720190779014
1378,1,2,28,-0.18295218295218296
1379,1,2,29,-0.3044096728307254
1380,1,2,30,0.21235521235521237
1381,1,2,31,-0.1891891891891892
1382,1,2,32,-0.032591414944356134
1383,1,2,33,-0.41322901849217636
1384,1,2,34,-0.07623007623007627
1385,1,2,35,-0.3859797297297297
1386,1,2,36,-0.2702702702702703
1387,1,2,37,-0.22316602316602313
1388,1,2,38,-0.20570570570570573
1389,1,2,39,-0.22759601706970128
1390,1,2,40,-0.1351351351351351
1391,1,2,41,-0.193050193050193
1392,1,2,42,-0.17354196301564723
1393,1,2,43,-0.20698747528015815
1394,1,2,44,-0.1891891891891892
1395,1,2,45,0.013513513513513487
1396,1,2,46,-0.3328185328185328
1397,1,2,47,-0.27364864864864863
1398,1,2,48,-0.40540540540540543
1399,1,2,49,-0.15820698747528017
1400,1,3,0,0.7474903474903476
1401,1,3,1,0.7474903474903476
1402,1,3,2,0.7244744744744746
1403,1,3,3,0.5250965250965252
1404,1,3,4,0.6252252252252253
1405,1,3,5,0.7271959459459459
1406,1,3,6,0.731418918918919
1407,1,3,7,0.7252252252252253
1408,1,3,8,0.6820768136557611
1409,1,3,9,0.6704204204204205
1410,1,3,10,0.6461916461916463
1411,1,3,11,0.7124047124047124
1412,1,3,12,0.6617760617760619
1413,1,3,13,0.5760617760617761
1414,1,3,14,0.6820768136557611
1415,1,3,15,0.6494676494676495
1416,1,3,16,0.5227596017069702
1417,1,3,17,0.6347490347490348
1418,1,3,18,0.6248012718600955
1419,1,3,19,0.5413354531001591
1420,1,3,20,0.7130365659777425
1421,1,3,21,0.6287339971550499
1422,1,3,22,0.12237237237237242
1423,1,3,23,0.6017069701280229
1424,1,3,24,0.5523648648648649
1425,1,3,25,0.6557610241820768
1426,1,3,26,0.36636636636636644
1427,1,3,27,0.44310099573257467
1428,1,3,28,0.5863363363363363
1429,1,3,29,0.5945945945945946
1430,1,3,30,0.21621621621621623
1431,1,3,31,0.47776809067131654
1432,1,3,32,0.7027027027027027
1433,1,3,33,0.06970128022759603
1434,1,3,34,0.3370870870870871
1435,1,3,35,0.019180470793374038
1436,1,3,36,0.0723370429252782
1437,1,3,37,0.05405405405405406
1438,1,3,38,0.22830725462304408
1439,1,3,39,0.2880067567567568
1440,1,3,40,-0.040540540540540515
1441,1,3,41,-0.05405405405405406
1442,1,3,42,0.04125177809388336
1443,1,3,43,-0.040540540540540515
1444,1,3,44,0.06554054054054059
1445,1,3,45,0.03978978978978975
1446,1,3,46,-0.02934362934362933
1447,1,3,47,0.03840682788051214
1448,1,3,48,-0.07900207900207895
1449,1,3,49,0.2067881835323696
1450,1,4,0,0.3132992327365729
1451,1,4,1,0.18012422360248453
1452,1,4,2,0.47515527950310565
1453,1,4,3,0.5603864734299517
1454,1,4,4,0.5118012422360249
1455,1,4,5,0.45052473763118445
1456,1,4,6,0.35190217391304346
1457,1,4,7,0.15279503105590064
1458,1,4,8,0.30562659846547313
1459,1,4,9,0.3180778032036613
1460,1,4,10,0.6287625418060201
1461,1,4,11,0.5179028132992327
1462,1,4,12,0.6310935441370225
1463,1,4,13,0.27294685990338163
1464,1,4,14,0.3197755960729312
1465,1,4,15,-0.012925969447708519
1466,1,4,16,0.3567774936061381
1467,1,4,17,-0.1869565217391304
1468,1,4,18,-0.11633372502937722
1469,1,4,19,-0.22793148880105407
1470,1,4,20,0.20619235836627142
1471,1,4,21,0.0778032036613272
1472,1,4,22,0.23913043478260865
1473,1,4,23,-0.20460358056265987
1474,1,4,24,-0.14793213149522805
1475,1,4,25,0.1613272311212815
1476,1,4,26,0.24676850763807284
1477,1,4,27,0.16039952996474738
1478,1,4,28,-0.029377203290246845
1479,1,4,29,-0.25900621118012424
1480,1,4,30,-0.005016722408026808
1481,1,4,31,0.22391304347826085
1482,1,4,32,0.009782608695652173
1483,1,4,33,-0.01662404092071612
1484,1,4,34,-0.24758454106280187
1485,1,4,35,-0.15838509316770183
1486,1,4,36,-0.10230179028132996
1487,1,4,37,-0.18764302059496568
1488,1,4,38,-0.15217391304347827
1489,1,4,39,-0.15869565217391307
1490,1,4,40,-0.12931995540691194
1491,1,4,41,-0.176328502415459
1492,1,4,42,-0.12619300106044545
1493,1,4,43,-0.25362318840579706
1494,1,4,44,-0.33695652173913043
1495,1,4,45,-0.2458193979933111
1496,1,4,46,-0.06756756756756754
1497,1,4,47,-0.20857814336075203
1498,1,4,48,-0.31727379553466506
1499,1,4,49,-0.11490683229813664
1500,1,5,0,0.551490514905149
1501,1,5,1,0.6278520849724626
1502,1,5,2,0.21409214092140927
1503,1,5,3,0.5435540069686411
1504,1,5,4,-0.10627177700348434
1505,1,5,5,0.6036585365853658
1506,1,5,6,0.6417682926829268
1507,1,5,7,0.6250871080139373
1508,1,5,8,0.575880758807588
1509,1,5,9,0.6536585365853658
1510,1,5,10,0.6738675958188154
1511,1,5,11,0.4101412066752247
1512,1,5,12,0.5655487804878049
1513,1,5,13,0.6130520764667106
1514,1,5,14,0.12382739212007499
1515,1,5,15,0.6494773519163763
1516,1,5,16,0.5661103979460846
1517,1,5,17,0.5435540069686411
1518,1,5,18,0.47154471544715454
1519,1,5,19,0.5506282335550627
1520,1,5,20,0.510801393728223
1521,1,5,21,0.05595408895265419
1522,1,5,22,0.4364569961489089
1523,1,5,23,0.08536585365853655
1524,1,5,24,0.46084724005134786
1525,1,5,25,0.2130937098844673
1526,1,5,26,0.4364569961489089
1527,1,5,27,0.4403794037940379
1528,1,5,28,0.2055749128919861
1529,1,5,29,0.4364569961489089
1530,1,5,30,0.31916376306620214
1531,1,5,31,0.26626016260162605
1532,1,5,32,0.07712590639419908
1533,1,5,33,0.24953095684803
1534,1,5,34,0.0629011553273428
1535,1,5,35,0.028324154209284025
1536,1,5,36,-0.1836441893830703
1537,1,5,37,-0.08780487804878045
1538,1,5,38,0.16869918699186986
1539,1,5,39,0.29330831769856164
1540,1,5,40,-0.26183644189383076
1541,1,5,41,-0.026266416510318913
1542,1,5,42,0.03997289972899731
1543,1,5,43,-0.10383275261324038
1544,1,5,44,0.005420054200542035
1545,1,5,45,-0.008807588075880723
1546,1,5,46,0.18060394889663178
1547,1,5,47,0.0039551746868820015
1548,1,5,48,0.07108013937282232
1549,1,5,49,0.16515679442508713
1550,1,6,0,0.6759868421052632
1551,1,6,1,0.701188455008489
1552,1,6,2,0.4900426742532006
1553,1,6,3,0.367513611615245
1554,1,6,4,0.5697368421052631
1555,1,6,5,0.705547652916074
1556,1,6,6,0.7275042444821731
1557,1,6,7,0.6888544891640866
1558,1,6,8,0.5974395448079659
1559,1,6,9,0.48380566801619435
1560,1,6,10,0.46301564722617355
1561,1,6,11,0.22706766917293236
1562,1,6,12,0.6489088575096278
1563,1,6,13,0.5233082706766917
1564,1,6,14,0.42105263157894735
1565,1,6,15,0.5789473684210527
1566,1,6,16,0.4352773826458037
1567,1,6,17,0.5440967283072546
1568,1,6,18,0.44736842105263164
1569,1,6,19,0.4040247678018576
1570,1,6,20,-0.17354196301564728
1571,1,6,21,0.5076400679117148
1572,1,6,22,0.3947368421052631
1573,1,6,23,0.5263157894736843
1574,1,6,24,-0.014170040485829982
1575,1,6,25,0.32565789473684215
1576,1,6,26,-0.13304093567251463
1577,1,6,27,0.19537480063795853
1578,1,6,28,0.38721804511278196
1579,1,6,29,0.1578947368421053
1580,1,6,30,0.13304093567251463
1581,1,6,31,0.3827067669172933
1582,1,6,32,-0.28482972136222917
1583,1,6,33,0.07894736842105265
1584,1,6,34,0.4636591478696742
1585,1,6,35,0.11360718870346603
1586,1,6,36,0.07894736842105265
1587,1,6,37,0.2880116959064327
1588,1,6,38,0.02932330827067675
1589,1,6,39,-0.281733746130031
1590,1,6,40,0.10672514619883045
1591,1,6,41,-0.14793741109530584
1592,1,6,42,0.04678362573099415
1593,1,6,43,0.14372469635627527
1594,1,6,44,-0.1223328591749645
1595,1,6,45,0.17211948790896153
1596,1,6,46,-0.02631578947368418
1597,1,6,47,-0.07631578947368428
1598,1,6,48,-0.19696969696969702
1599,1,6,49,-0.026315789473684237
1600,1,7,0,0.46613190730837795
1601,1,7,1,0.5359307359307359
1602,1,7,2,0.24078624078624078
1603,1,7,3,0.4873737373737374
1604,1,7,4,0.35198135198135194
1605,1,7,5,0.6554112554112554
1606,1,7,6,0.6060606060606061
1607,1,7,7,0.34787878787878784
1608,1,7,8,0.3484848484848485
1609,1,7,9,0.627591706539075
1610,1,7,10,0.36363636363636365
1611,1,7,11,0.65
1612,1,7,12,0.25757575757575757
1613,1,7,13,0.6571428571428571
1614,1,7,14,0.41991341991341996
1615,1,7,15,0.3797348484848485
1616,1,7,16,0.42164502164502166
1617,1,7,17,0.3787878787878788
1618,1,7,18,-0.07323232323232326
1619,1,7,19,0.5009469696969697
1620,1,7,20,0.08585858585858586
1621,1,7,21,0.19696969696969702
1622,1,7,22,0.09870129870129873
1623,1,7,23,0.5023923444976077
1624,1,7,24,0.36363636363636365
1625,1,7,25,0.4099821746880571
1626,1,7,26,0.4428904428904429
1627,1,7,27,0.2859848484848485
1628,1,7,28,0.303896103896104
1629,1,7,29,0.1647727272727273
1630,1,7,30,-0.14545454545454545
1631,1,7,31,0.04166666666666663
1632,1,7,32,0.13725490196078427
1633,1,7,33,0.2506142506142507
1634,1,7,34,0.0025974025974025983
1635,1,7,35,0.13595413595413597
1636,1,7,36,-0.06818181818181823
1637,1,7,37,0.014742014742014753
1638,1,7,38,-0.1655011655011655
1639,1,7,39,-0.018939393939393923
1640,1,7,40,-0.10427807486631019
1641,1,7,41,0.008190008190008258
1642,1,7,42,0.12416851441241683
1643,1,7,43,-0.07021433850702141
1644,1,7,44,-0.08658008658008653
1645,1,7,45,-0.29734848484848486
1646,1,7,46,0.09254709254709259
1647,1,7,47,0.1507575757575758
1648,1,7,48,-0.04015151515151516
1649,1,7,49,0.038493038493038534
1650,1,8,0,0.19936204146730463
1651,1,8,1,0.1871345029239766
1652,1,8,2,0.7804511278195488
1653,1,8,3,-0.2532005689900427
1654,1,8,4,0.1578947368421053
1655,1,8,5,0.21052631578947367
1656,1,8,6,0.5440967283072546
1657,1,8,7,0.1564327485380117
1658,1,8,8,0.49473684210526314
1659,1,8,9,0.10380116959064323
1660,1,8,10,0.13157894736842107
1661,1,8,11,0.0071770334928230595
1662,1,8,12,-0.1744360902255639
1663,1,8,13,0.02631578947368418
1664,1,8,14,-0.07177033492822965
1665,1,8,15,0.4780701754385965
1666,1,8,16,0.5789473684210527
1667,1,8,17,-0.21052631578947373
1668,1,8,18,0.14438122332859182
1669,1,8,19,0.5311004784688995
1670,1,8,20,-0.09041835357624833
1671,1,8,21,0.5
1672,1,8,22,-0.10701754385964912
1673,1,8,23,0.39049235993208825
1674,1,8,24,0.052631578947368474
1675,1,8,25,0.2219973009446694
1676,1,8,26,0.35187969924812035
1677,1,8,27,-0.05394736842105263
1678,1,8,28,0.1856725146198831
1679,1,8,29,-0.15935672514619886
1680,1,8,30,0.21804511278195493
1681,1,8,31,0.1593567251461988
1682,1,8,32,-0.11403508771929816
1683,1,8,33,-0.13157894736842107
1684,1,8,34,-0.13450292397660824
1685,1,8,35,-0.12907268170426067
1686,1,8,36,-0.11729323308270678
1687,1,8,37,-0.09774436090225563
1688,1,8,38,-0.02777777777777779
1689,1,8,39,-0.011379800853485111
1690,1,8,40,-0.13157894736842113
1691,1,8,41,-0.04116059379217274
1692,1,8,42,-0.09109311740890685
1693,1,8,43,-0.19969040247678022
1694,1,8,44,-0.17269736842105265
1695,1,8,45,-0.2178362573099415
1696,1,8,46,-0.10526315789473684
1697,1,8,47,-0.21198830409356728
1698,1,8,48,-0.08204334365325078
1699,1,8,49,0.012145748987854199
1700,1,9,0,0.40196078431372556
1701,1,9,1,0.49108734402852044
1702,1,9,2,0.32988871224165345
1703,1,9,3,0.7012383900928792
1704,1,9,4,0.6554621848739496
1705,1,9,5,0.5490196078431373
1706,1,9,6,0.6840336134453782
1707,1,9,7,0.5403361344537815
1708,1,9,8,0.5126050420168067
1709,1,9,9,0.5481283422459893
1710,1,9,10,0.588235294117647
1711,1,9,11,0.5874403815580286
1712,1,9,12,0.41391678622668576
1713,1,9,13,0.607843137254902
1714,1,9,14,0.4918300653594771
1715,1,9,15,0.6979332273449921
1716,1,9,16,0.2941176470588236
1717,1,9,17,0.13046757164404227
1718,1,9,18,0.5874403815580286
1719,1,9,19,0.32352941176470595
1720,1,9,20,0.21764705882352942
1721,1,9,21,0.11274509803921567
1722,1,9,22,0.4918300653594771
1723,1,9,23,0.4918300653594771
1724,1,9,24,0.4581105169340463
1725,1,9,25,0.2478991596638656
1726,1,9,26,0.1004304160688666
1727,1,9,27,0.43188854489164086
1728,1,9,28,-0.018282988871224204
1729,1,9,29,-0.09351432880844646
1730,1,9,30,-0.04201680672268904
1731,1,9,31,0.46979332273449914
1732,1,9,32,0.1604278074866311
1733,1,9,33,0.11764705882352944
1734,1,9,34,0.2487394957983194
1735,1,9,35,-0.05572755417956654
1736,1,9,36,0.17647058823529416
1737,1,9,37,0.4656862745098039
1738,1,9,38,0.10174880763116056
1739,1,9,39,0.040540540540540515
1740,1,9,40,-0.015898251192368873
1741,1,9,41,0.361685214626391
1742,1,9,42,-0.014285714285714235
1743,1,9,43,0.02941176470588236
1744,1,9,44,0.03250773993808054
1745,1,9,45,-0.046628407460545196
1746,1,9,46,-0.0969793322734499
1747,1,9,47,-0.0727554179566563
1748,1,9,48,0.023809523809523836
1749,1,9,49,-0.02614379084967322
1750,1,10,0,0.4864864864864865
1751,1,10,1,0.6486486486486487
1752,1,10,2,0.4782282282282282
1753,1,10,3,0.5227596017069702
1754,1,10,4,0.46283783783783783
1755,1,10,5,0.2852852852852853
1756,1,10,6,0.6378378378378378
1757,1,10,7,0.6903474903474904
1758,1,10,8,0.3357903357903358
1759,1,10,9,0.5776061776061776
1760,1,10,10,0.6903474903474904
1761,1,10,11,0.44969969969969975
1762,1,10,12,0.34206081081081086
1763,1,10,13,0.36609336609336607
1764,1,10,14,0.522007722007722
1765,1,10,15,0.44381223328591757
1766,1,10,16,0.5945945945945946
1767,1,10,17,0.2938322938322938
1768,1,10,18,0.05405405405405406
1769,1,10,19,0.45548489666136727
1770,1,10,20,0.43629343629343637
1771,1,10,21,0.4054054054054054
1772,1,10,22,0.13677313677313674
1773,1,10,23,0.08030888030888039
1774,1,10,24,0.30548730548730546
1775,1,10,25,0.2327327327327327
1776,1,10,26,0.1891891891891892
1777,1,10,27,0.4324324324324324
1778,1,10,28,0.17792792792792794
1779,1,10,29,0.2741312741312742
1780,1,10,30,0.5037537537537538
1781,1,10,31,0.05143853530950304
1782,1,10,32,0.2989352989352989
1783,1,10,33,0.5204633204633204
1784,1,10,34,0.4054054054054055
1785,1,10,35,0.27956081081081086
1786,1,10,36,0.2986486486486487
1787,1,10,37,0.14459459459459462
1788,1,10,38,0.16216216216216217
1789,1,10,39,0.10810810810810806
1790,1,10,40,0.21621621621621617
1791,1,10,41,0.12019914651493596
1792,1,10,42,0.25313117996044826
1793,1,10,43,0.17732366512854314
1794,1,10,44,0.08185328185328183
1795,1,10,45,0.17770270270270272
1796,1,10,46,0.20056899004267426
1797,1,10,47,0.06554054054054059
1798,1,10,48,-0.02195945945945943
1799,1,10,49,0.1458036984352774
1800,1,11,0,0.6211890243902439
1801,1,11,1,0.5101626016260163
1802,1,11,2,0.5631929046563193
1803,1,11,3,0.3818998716302952
1804,1,11,4,0.6621233859397417
1805,1,11,5,0.5024390243902439
1806,1,11,6,0.2787456445993031
1807,1,11,7,0.35365853658536583
1808,1,11,8,-0.10678971654581415
1809,1,11,9,0.18292682926829273
1810,1,11,10,0.3814363143631436
1811,1,11,11,0.5121951219512195
1812,1,11,12,0.2804878048780488
1813,1,11,13,-0.03917220990391723
1814,1,11,14,0.34805537244561635
1815,1,11,15,0.2855093256814921
1816,1,11,16,-0.39763488543976344
1817,1,11,17,0.16885553470919323
1818,1,11,18,0.25942350332594244
1819,1,11,19,-0.23744619799139172
1820,1,11,20,-0.24250871080139375
1821,1,11,21,-0.3394858272907053
1822,1,11,22,0.08277900960827789
1823,1,11,23,0.5101626016260163
1824,1,11,24,0.1667765326301911
1825,1,11,25,-0.3682140047206924
1826,1,11,26,-0.18259723137771916
1827,1,11,27,-0.09306803594351731
1828,1,11,28,0.09441384736428005
1829,1,11,29,0.04065040650406504
1830,1,11,30,-0.014120667522464658
1831,1,11,31,0.1727642276422764
1832,1,11,32,0.04065040650406504
1833,1,11,33,-0.05114083398898506
1834,1,11,34,0.37023139462163857
1835,1,11,35,-0.17547425474254735
1836,1,11,36,-0.19647696476964777
1837,1,11,37,-0.2682926829268293
1838,1,11,38,-0.25328330206378985
1839,1,11,39,-0.23102981029810293
1840,1,11,40,-0.27526132404181186
1841,1,11,41,-0.21887034659820287
1842,1,11,42,-0.028345418589321048
1843,1,11,43,-0.35298102981029805
1844,1,11,44,-0.16238767650834407
1845,1,11,45,-0.15071919949968732
1846,1,11,46,-0.31097560975609756
1847,1,11,47,-0.19512195121951215
1848,1,11,48,-0.2508710801393728
1849,1,11,49,-0.19824890556597874
1850,1,12,0,0.4907894736842105
1851,1,12,1,0.5600539811066126
1852,1,12,2,0.47368421052631576
1853,1,12,3,0.05263157894736842
1854,1,12,4,0.393984962406015
1855,1,12,5,0.5
1856,1,12,6,0.11729323308270678
1857,1,12,7,0.5541353383458647
1858,1,12,8,0.45112781954887216
1859,1,12,9,0.25598086124401914
1860,1,12,10,0.465149359886202
1861,1,12,11,0.39983022071307306
1862,1,12,12,0.40967283072546223
1863,1,12,13,0.2852292020373514
1864,1,12,14,0.5593792172739541
1865,1,12,15,0.46411483253588515
1866,1,12,16,0.5
1867,1,12,17,0.2848297213622291
1868,1,12,18,0.3328591749644381
1869,1,12,19,0.1481203007518797
1870,1,12,20,0.4258373205741627
1871,1,12,21,0.11948790896159317
1872,1,12,22,0.4171052631578947
1873,1,12,23,-0.11360718870346603
1874,1,12,24,0.2578947368421053
1875,1,12,25,0.2939666238767651
1876,1,12,26,0.4125177809388335
1877,1,12,27,-0.050000000000000044
1878,1,12,28,0.1096491228070175
1879,1,12,29,0.1766917293233083
1880,1,12,30,0.2662538699690402
1881,1,12,31,0.06917293233082705
1882,1,12,32,-0.041963015647226154
1883,1,12,33,0.168081494057725
1884,1,12,34,0.02130325814536338
1885,1,12,35,-0.04944178628389162
1886,1,12,36,0.16718266253869973
1887,1,12,37,0.0641025641025641
1888,1,12,38,-0.038461538461538436
1889,1,12,39,-0.08513931888544896
1890,1,12,40,0.04944178628389151
1891,1,12,41,0.07894736842105265
1892,1,12,42,0.023684210526315752
1893,1,12,43,-0.1359649122807018
1894,1,12,44,0.13304093567251463
1895,1,12,45,-0.03982930298719772
1896,1,12,46,-0.07894736842105265
1897,1,12,47,-0.12857142857142856
1898,1,12,48,0.08729139922978174
1899,1,12,49,-0.0029239766081871066
1900,1,13,0,0.5833333333333333
1901,1,13,1,0.5277777777777779
1902,1,13,2,0.603968253968254
1903,1,13,3,0.6083333333333334
1904,1,13,4,0.015765765765765827
1905,1,13,5,0.5947712418300652
1906,1,13,6,0.5082582582582582
1907,1,13,7,0.5555555555555556
1908,1,13,8,0.39542483660130723
1909,1,13,9,0.4264705882352941
1910,1,13,10,0.5021367521367521
1911,1,13,11,0.43333333333333335
1912,1,13,12,0.07279693486590039
1913,1,13,13,0.5453216374269007
1914,1,13,14,0.5361111111111112
1915,1,13,15,0.3859649122807018
1916,1,13,16,0.48123123123123124
1917,1,13,17,0.42792792792792794
1918,1,13,18,0.5182539682539683
1919,1,13,19,0.5645645645645645
1920,1,13,20,0.5583333333333333
1921,1,13,21,0.38888888888888895
1922,1,13,22,0.6025641025641026
1923,1,13,23,0.49786324786324787
1924,1,13,24,0.5359477124183005
1925,1,13,25,-0.0032679738562091387
1926,1,13,26,0.481981981981982
1927,1,13,27,0.42792792792792794
1928,1,13,28,0.3985507246376812
1929,1,13,29,0.509009009009009
1930,1,13,30,0.5173611111111112
1931,1,13,31,0.33496732026143794
1932,1,13,32,0.42792792792792794
1933,1,13,33,0.4166666666666667
1934,1,13,34,0.08333333333333326
1935,1,13,35,0.28968253968253976
1936,1,13,36,0.19934640522875824
1937,1,13,37,0.05555555555555558
1938,1,13,38,0.04129129129129128
1939,1,13,39,0.09401709401709402
1940,1,13,40,0.0
1941,1,13,41,-0.09043927648578809
1942,1,13,42,-0.015079365079365026
1943,1,13,43,0.09759759759759767
1944,1,13,44,0.0960960960960961
1945,1,13,45,-0.21198830409356728
1946,1,13,46,0.11111111111111116
1947,1,13,47,-0.09534534534534533
1948,1,13,48,0.16531165311653118
1949,1,13,49,-0.07222222222222219
1950,1,14,0,0.5315315315315317
1951,1,14,1,0.5776061776061776
1952,1,14,2,0.37075537075537074
1953,1,14,3,0.6867636867636868
1954,1,14,4,0.5731319554848966
1955,1,14,5,0.3963963963963964
1956,1,14,6,0.4711711711711712
1957,1,14,7,0.5483641536273115
1958,1,14,8,0.422037422037422
1959,1,14,9,0.5413354531001591
1960,1,14,10,0.5405405405405406
1961,1,14,11,0.5505791505791506
1962,1,14,12,0.5017325017325017
1963,1,14,13,0.6327096327096327
1964,1,14,14,0.2710424710424711
1965,1,14,15,0.41235521235521233
1966,1,14,16,0.549034749034749
1967,1,14,17,0.40033783783783783
1968,1,14,18,0.28855325914149443
1969,1,14,19,-0.12019914651493602
1970,1,14,20,0.4092664092664093
1971,1,14,21,0.5945945945945945
1972,1,14,22,0.4324324324324324
1973,1,14,23,0.5585585585585586
1974,1,14,24,0.30867709815078237
1975,1,14,25,-0.1427364864864865
1976,1,14,26,0.37440381558028624
1977,1,14,27,0.32509652509652515
1978,1,14,28,-0.18433818433818433
1979,1,14,29,0.39414414414414417
1980,1,14,30,0.08108108108108103
1981,1,14,31,0.12753378378378377
1982,1,14,32,-0.03978978978978975
1983,1,14,33,0.39666136724960255
1984,1,14,34,-0.011128775834658156
1985,1,14,35,-0.3915057915057915
1986,1,14,36,0.25198728139904614
1987,1,14,37,0.23505323505323505
1988,1,14,38,0.23928806855636126
1989,1,14,39,-0.04129129129129128
1990,1,14,40,-0.10602910602910598
1991,1,14,41,-0.10810810810810811
1992,1,14,42,-0.05405405405405406
1993,1,14,43,-0.02570863546473301
1994,1,14,44,-0.03098220171390903
1995,1,14,45,-0.08108108108108103
1996,1,14,46,-0.14438122332859182
1997,1,14,47,-0.07900207900207895
1998,1,14,48,-0.07078507078507074
1999,1,14,49,-0.05058905058905061
2000,1,15,0,0.275
2001,1,15,1,0.6628787878787878
2002,1,15,2,0.0535714285714286
2003,1,15,3,0.3375
2004,1,15,4,0.3714285714285715
2005,1,15,5,0.3922413793103448
2006,1,15,6,0.3806451612903226
2007,1,15,7,0.5444444444444444
2008,1,15,8,0.46388888888888885
2009,1,15,9,0.30000000000000004
2010,1,15,10,0.5166666666666666
2011,1,15,11,0.14166666666666672
2012,1,15,12,0.5602941176470588
2013,1,15,13,0.5107142857142857
2014,1,15,14,0.5079268292682926
2015,1,15,15,0.4720588235294117
2016,1,15,16,0.5107142857142857
2017,1,15,17,0.5416666666666667
2018,1,15,18,-0.05075757575757578
2019,1,15,19,0.3305555555555556
2020,1,15,20,0.2777777777777778
2021,1,15,21,0.010714285714285787
2022,1,15,22,0.34256756756756757
2023,1,15,23,0.1607142857142858
2024,1,15,24,0.30131578947368426
2025,1,15,25,0.275
2026,1,15,26,0.3486486486486486
2027,1,15,27,-0.021428571428571352
2028,1,15,28,0.07222222222222219
2029,1,15,29,0.3757575757575758
2030,1,15,30,0.20625000000000004
2031,1,15,31,0.43888888888888894
2032,1,15,32,0.09868421052631582
2033,1,15,33,-0.004545454545454519
2034,1,15,34,0.1071428571428572
2035,1,15,35,0.07500000000000007
2036,1,15,36,0.39545454545454545
2037,1,15,37,0.011486486486486536
2038,1,15,38,0.4625
2039,1,15,39,0.19999999999999996
2040,1,15,40,0.275
2041,1,15,41,0.03782051282051285
2042,1,15,42,-0.03658536585365857
2043,1,15,43,0.1365853658536585
2044,1,15,44,0.0901515151515151
2045,1,15,45,0.02777777777777779
2046,1,15,46,0.03125
2047,1,15,47,0.1289473684210527
2048,1,15,48,-0.04999999999999999
2049,1,15,49,-0.039102564102564075
2050,1,16,0,0.36243936243936237
2051,1,16,1,0.6070889894419307
2052,1,16,2,0.4462924462924463
2053,1,16,3,0.5427350427350427
2054,1,16,4,0.44003308519437545
2055,1,16,5,0.7008547008547009
2056,1,16,6,0.40497737556561086
2057,1,16,7,0.4310897435897436
2058,1,16,8,0.517094017094017
2059,1,16,9,0.3908523908523909
2060,1,16,10,-0.1355311355311355
2061,1,16,11,0.5957767722473604
2062,1,16,12,0.28205128205128205
2063,1,16,13,0.48944193061840124
2064,1,16,14,0.5560053981106613
2065,1,16,15,0.1885369532428356
2066,1,16,16,0.543123543123543
2067,1,16,17,0.3076923076923077
2068,1,16,18,0.4691614691614691
2069,1,16,19,0.08906882591093124
2070,1,16,20,-0.0073260073260073
2071,1,16,21,0.0883940620782726
2072,1,16,22,0.05197505197505192
2073,1,16,23,0.3758434547908232
2074,1,16,24,0.3318250377073907
2075,1,16,25,0.29836829836829837
2076,1,16,26,0.2968960863697706
2077,1,16,27,0.08005003126954346
2078,1,16,28,0.08333333333333326
2079,1,16,29,0.05197505197505192
2080,1,16,30,0.4009324009324009
2081,1,16,31,0.31002331002330996
2082,1,16,32,0.25641025641025644
2083,1,16,33,0.19791666666666663
2084,1,16,34,-0.014170040485830038
2085,1,16,35,0.038461538461538436
2086,1,16,36,-0.11673414304993257
2087,1,16,37,-0.20085470085470092
2088,1,16,38,0.2435897435897436
2089,1,16,39,-0.10657051282051283
2090,1,16,40,-0.1282051282051282
2091,1,16,41,-0.017094017094017144
2092,1,16,42,0.051282051282051266
2093,1,16,43,-0.09943714821763605
2094,1,16,44,-0.11808367071524967
2095,1,16,45,-0.03589743589743588
2096,1,16,46,0.0241758241758242
2097,1,16,47,-0.019230769230769273
2098,1,16,48,-0.21275121275121278
2099,1,16,49,0.17636022514071298
2100,1,17,0,0.11505791505791507
2101,1,17,1,0.14208494208494205
2102,1,17,2,0.706015037593985
2103,1,17,3,0.21512605042016808
2104,1,17,4,0.49230769230769234
2105,1,17,5,0.2420634920634921
2106,1,17,6,0.6455598455598455
2107,1,17,7,0.7206349206349206
2108,1,17,8,0.6694980694980694
2109,1,17,9,0.5515873015873015
2110,1,17,10,0.5785714285714286
2111,1,17,11,0.2075187969924812
2112,1,17,12,0.46959706959706965
2113,1,17,13,0.7222222222222222
2114,1,17,14,0.1296703296703296
2115,1,17,15,0.5345622119815667
2116,1,17,16,0.3714285714285715
2117,1,17,17,0.6293040293040293
2118,1,17,18,0.46666666666666673
2119,1,17,19,0.35882352941176476
2120,1,17,20,0.25328185328185326
2121,1,17,21,0.11196911196911191
2122,1,17,22,0.042857142857142816
2123,1,17,23,-0.10695970695970697
2124,1,17,24,0.3428571428571429
2125,1,17,25,0.1428571428571429
2126,1,17,26,0.10225563909774438
2127,1,17,27,0.07944250871080133
2128,1,17,28,0.4578947368421053
2129,1,17,29,0.2360902255639098
2130,1,17,30,0.19459459459459455
2131,1,17,31,0.273109243697479
2132,1,17,32,0.2954887218045113
2133,1,17,33,0.18412698412698414
2134,1,17,34,0.16515679442508707
2135,1,17,35,0.11904761904761901
2136,1,17,36,0.05860805860805862
2137,1,17,37,0.06974789915966384
2138,1,17,38,0.258008658008658
2139,1,17,39,0.055677655677655646
2140,1,17,40,0.125
2141,1,17,41,0.0007722007722007485
2142,1,17,42,0.11575091575091578
2143,1,17,43,0.04201680672268904
2144,1,17,44,0.2238095238095238
2145,1,17,45,0.057142857142857106
2146,1,17,46,-0.11785714285714283
2147,1,17,47,0.0
2148,1,17,48,-0.032900432900432985
2149,1,17,49,0.10989010989010983
2150,1,18,0,0.7941176470588236
2151,1,18,1,0.5588235294117647
2152,1,18,2,0.650853889943074
2153,1,18,3,0.7126050420168067
2154,1,18,4,0.4581105169340463
2155,1,18,5,0.6617647058823529
2156,1,18,6,0.6979332273449921
2157,1,18,7,0.670906200317965
2158,1,18,8,0.607843137254902
2159,1,18,9,0.6356209150326797
2160,1,18,10,0.5386029411764706
2161,1,18,11,0.6176470588235294
2162,1,18,12,0.5055147058823529
2163,1,18,13,0.6390374331550802
2164,1,18,14,0.6666666666666667
2165,1,18,15,0.5386554621848739
2166,1,18,16,0.5394957983193277
2167,1,18,17,0.5661764705882353
2168,1,18,18,0.6685214626391096
2169,1,18,19,0.7435897435897436
2170,1,18,20,0.42689075630252105
2171,1,18,21,0.5882352941176471
2172,1,18,22,0.5310015898251192
2173,1,18,23,0.13445378151260512
2174,1,18,24,0.4613003095975232
2175,1,18,25,0.6928104575163399
2176,1,18,26,0.47058823529411764
2177,1,18,27,0.3204334365325077
2178,1,18,28,-0.042857142857142816
2179,1,18,29,0.4529411764705882
2180,1,18,30,0.6911764705882353
2181,1,18,31,0.3529411764705882
2182,1,18,32,0.2554179566563468
2183,1,18,33,0.45230524642289344
2184,1,18,34,0.5117647058823529
2185,1,18,35,0.4226006191950464
2186,1,18,36,0.23529411764705876
2187,1,18,37,0.1970588235294118
2188,1,18,38,0.2941176470588236
2189,1,18,39,0.34803921568627444
2190,1,18,40,0.434984520123839
2191,1,18,41,0.37352941176470583
2192,1,18,42,0.24057315233785825
2193,1,18,43,0.28060413354531
2194,1,18,44,0.22910216718266257
2195,1,18,45,-0.02941176470588236
2196,1,18,46,0.2440381558028617
2197,1,18,47,0.071301247771836
2198,1,18,48,0.10252100840336137
2199,1,18,49,0.05718954248366015
2200,1,19,0,0.4527027027027027
2201,1,19,1,0.6346153846153846
2202,1,19,2,0.5
2203,1,19,3,0.5451388888888888
2204,1,19,4,0.5555555555555556
2205,1,19,5,0.6242690058479533
2206,1,19,6,0.4166666666666667
2207,1,19,7,0.47222222222222227
2208,1,19,8,0.37237237237237236
2209,1,19,9,0.5752032520325203
2210,1,19,10,0.5408496732026145
2211,1,19,11,0.042042042042042094
2212,1,19,12,0.5638888888888889
2213,1,19,13,0.32575757575757575
2214,1,19,14,0.4327485380116959
2215,1,19,15,0.3026315789473684
2216,1,19,16,0.22549019607843135
2217,1,19,17,0.25
2218,1,19,18,0.2976190476190476
2219,1,19,19,0.3538011695906433
2220,1,19,20,0.1523809523809524
2221,1,19,21,0.19444444444444442
2222,1,19,22,0.2222222222222222
2223,1,19,23,0.24722222222222223
2224,1,19,24,0.3815789473684211
2225,1,19,25,0.2103174603174603
2226,1,19,26,0.4220867208672087
2227,1,19,27,0.05833333333333335
2228,1,19,28,0.48958333333333337
2229,1,19,29,0.1817460317460317
2230,1,19,30,0.3026315789473684
2231,1,19,31,-0.0326797385620915
2232,1,19,32,0.01388888888888884
2233,1,19,33,0.07748538011695905
2234,1,19,34,0.3382352941176471
2235,1,19,35,0.16111111111111115
2236,1,19,36,0.1694444444444444
2237,1,19,37,0.11666666666666659
2238,1,19,38,0.13888888888888895
2239,1,19,39,-0.04054054054054057
2240,1,19,40,0.044871794871794934
2241,1,19,41,0.049707602339181256
2242,1,19,42,0.08625730994152037
2243,1,19,43,-0.03488372093023251
2244,1,19,44,0.1507936507936508
2245,1,19,45,-0.051169590643274865
2246,1,19,46,0.2867867867867868
2247,1,19,47,-0.06681681681681684
2248,1,19,48,0.0
2249,1,19,49,0.01501501501501501
2250,1,20,0,0.4821428571428571
2251,1,20,1,0.5138888888888888
2252,1,20,2,0.8111111111111111
2253,1,20,3,0.46666666666666673
2254,1,20,4,0.6397058823529411
2255,1,20,5,0.6919354838709677
2256,1,20,6,0.6397058823529411
2257,1,20,7,0.5524193548387097
2258,1,20,8,0.6022727272727273
2259,1,20,9,0.017857142857142905
2260,1,20,10,0.7397058823529412
2261,1,20,11,0.5842105263157895
2262,1,20,12,0.6027027027027028
2263,1,20,13,-0.11756756756756753
2264,1,20,14,0.5416666666666667
2265,1,20,15,0.3285714285714285
2266,1,20,16,0.4506756756756757
2267,1,20,17,0.6817567567567568
2268,1,20,18,0.6071428571428571
2269,1,20,19,0.6852941176470588
2270,1,20,20,0.4986486486486486
2271,1,20,21,0.08484848484848484
2272,1,20,22,0.4535714285714285
2273,1,20,23,0.25172413793103443
2274,1,20,24,0.33888888888888885
2275,1,20,25,0.5666666666666667
2276,1,20,26,0.1635135135135135
2277,1,20,27,0.3903846153846154
2278,1,20,28,0.21250000000000002
2279,1,20,29,0.0035714285714285587
2280,1,20,30,0.3857142857142858
2281,1,20,31,0.3141025641025641
2282,1,20,32,0.3720588235294117
2283,1,20,33,0.5014705882352941
2284,1,20,34,0.010714285714285787
2285,1,20,35,0.22575757575757577
2286,1,20,36,-0.04999999999999993
2287,1,20,37,0.1411290322580645
2288,1,20,38,-0.07941176470588235
2289,1,20,39,-0.08782051282051279
2290,1,20,40,0.25454545454545463
2291,1,20,41,0.06148648648648647
2292,1,20,42,0.15000000000000002
2293,1,20,43,-0.16764705882352943
2294,1,20,44,-0.005555555555555536
2295,1,20,45,0.09054054054054056
2296,1,20,46,0.13139534883720932
2297,1,20,47,-0.08611111111111114
2298,1,20,48,0.10000000000000003
2299,1,20,49,-0.06346153846153846
2300,1,21,0,0.3982683982683982
2301,1,21,1,0.5
2302,1,21,2,0.5200501253132832
2303,1,21,3,0.5
2304,1,21,4,0.7579365079365079
2305,1,21,5,0.6228070175438597
2306,1,21,6,0.4523809523809524
2307,1,21,7,0.5900900900900901
2308,1,21,8,0.49702380952380953
2309,1,21,9,0.5282738095238095
2310,1,21,10,0.46577380952380953
2311,1,21,11,0.5208333333333334
2312,1,21,12,0.45833333333333337
2313,1,21,13,0.4666666666666667
2314,1,21,14,0.09523809523809523
2315,1,21,15,0.5980392156862746
2316,1,21,16,0.4428571428571429
2317,1,21,17,0.4912280701754386
2318,1,21,18,0.43114543114543114
2319,1,21,19,0.5476190476190477
2320,1,21,20,-0.007440476190476164
2321,1,21,21,0.3207282913165266
2322,1,21,22,0.6382488479262673
2323,1,21,23,0.4714285714285714
2324,1,21,24,0.3986175115207373
2325,1,21,25,0.07703081232493003
2326,1,21,26,0.5174216027874564
2327,1,21,27,0.1380952380952381
2328,1,21,28,-0.16666666666666663
2329,1,21,29,0.4375804375804375
2330,1,21,30,-0.3553113553113553
2331,1,21,31,0.012605042016806678
2332,1,21,32,-0.13736263736263737
2333,1,21,33,0.24310776942355888
2334,1,21,34,0.08608058608058611
2335,1,21,35,-0.059523809523809534
2336,1,21,36,-0.11204481792717091
2337,1,21,37,-0.1946778711484594
2338,1,21,38,0.1499356499356499
2339,1,21,39,-0.17647058823529416
2340,1,21,40,-0.07261904761904764
2341,1,21,41,-0.011904761904761973
2342,1,21,42,-0.10173160173160178
2343,1,21,43,0.046428571428571375
2344,1,21,44,0.013513513513513487
2345,1,21,45,-0.1741854636591479
2346,1,21,46,-0.023809523809523836
2347,1,21,47,0.01282051282051283
2348,1,21,48,-0.17619047619047618
2349,1,21,49,-0.1890756302521009
2350,1,22,0,0.4418118466898955
2351,1,22,1,0.6771879483500717
2352,1,22,2,0.4992378048780488
2353,1,22,3,0.5624538063562454
2354,1,22,4,0.6721664275466284
2355,1,22,5,0.6626016260162602
2356,1,22,6,0.6374423203691496
2357,1,22,7,0.30746489283074646
2358,1,22,8,0.46112804878048785
2359,1,22,9,0.46112804878048785
2360,1,22,10,0.5099085365853658
2361,1,22,11,0.47154471544715454
2362,1,22,12,0.36737804878048785
2363,1,22,13,0.47154471544715454
2364,1,22,14,0.4681571815718157
2365,1,22,15,0.5203252032520325
2366,1,22,16,0.575880758807588
2367,1,22,17,0.24175035868005745
2368,1,22,18,0.4905923344947736
2369,1,22,19,0.4536585365853658
2370,1,22,20,0.20914634146341465
2371,1,22,21,0.47632711621233853
2372,1,22,22,0.3423044575273339
2373,1,22,23,0.3924611973392461
2374,1,22,24,0.4434021263289556
2375,1,22,25,0.4905923344947736
2376,1,22,26,0.6280487804878049
2377,1,22,27,0.10643015521064308
2378,1,22,28,0.28387533875338755
2379,1,22,29,-0.04582409460458242
2380,1,22,30,0.03997289972899731
2381,1,22,31,-0.014120667522464658
2382,1,22,32,0.4165103189493433
2383,1,22,33,0.29136453526697437
2384,1,22,34,0.30559540889526543
2385,1,22,35,0.039911308203991136
2386,1,22,36,0.2034659820282413
2387,1,22,37,0.09624258404746211
2388,1,22,38,0.13117996044825314
2389,1,22,39,-0.06341463414634141
2390,1,22,40,-0.11653116531165314
2391,1,22,41,0.03997289972899731
2392,1,22,42,0.14006968641114992
2393,1,22,43,0.13588850174216027
2394,1,22,44,0.023764853033145794
2395,1,22,45,-0.01897018970189701
2396,1,22,46,-0.05030487804878048
2397,1,22,47,0.09887936717205004
2398,1,22,48,-0.10545193687230991
2399,1,22,49,0.050098879367172056
2400,1,23,0,0.6092664092664093
2401,1,23,1,0.6319554848966613
2402,1,23,2,0.6362934362934364
2403,1,23,3,0.6273115220483642
2404,1,23,4,0.7552552552552553
2405,1,23,5,0.5806949806949807
2406,1,23,6,0.6216216216216216
2407,1,23,7,0.6895986895986896
2408,1,23,8,0.5437201907790143
2409,1,23,9,0.46671061305207645
2410,1,23,10,0.6156156156156156
2411,1,23,11,0.17989864864864868
2412,1,23,12,0.5791505791505792
2413,1,23,13,0.4710424710424711
2414,1,23,14,0.45852749301025164
2415,1,23,15,0.5878378378378378
2416,1,23,16,0.5437201907790143
2417,1,23,17,0.45045045045045046
2418,1,23,18,0.1857241857241857
2419,1,23,19,0.5651105651105651
2420,1,23,20,0.5378378378378379
2421,1,23,21,0.5505791505791506
2422,1,23,22,0.44969969969969975
2423,1,23,23,0.45945945945945943
2424,1,23,24,0.3628173628173629
2425,1,23,25,0.01493598862019907
2426,1,23,26,0.20270270270270274
2427,1,23,27,0.3045484508899143
2428,1,23,28,0.32342342342342345
2429,1,23,29,0.31319554848966613
2430,1,23,30,0.07347972972972971
2431,1,23,31,0.34475939353988133
2432,1,23,32,0.14864864864864868
2433,1,23,33,0.32693984306887536
2434,1,23,34,-0.032432432432432434
2435,1,23,35,0.20412517780938833
2436,1,23,36,0.07179054054054057
2437,1,23,37,0.01422475106685639
2438,1,23,38,0.013513513513513487
2439,1,23,39,-0.040540540540540515
2440,1,23,40,0.011261261261261257
2441,1,23,41,-0.06543385490753917
2442,1,23,42,-0.03982930298719767
2443,1,23,43,-0.11629811629811632
2444,1,23,44,-0.12387387387387389
2445,1,23,45,-0.05405405405405406
2446,1,23,46,-0.10810810810810811
2447,1,23,47,0.026254826254826336
2448,1,23,48,0.027720027720027796
2449,1,23,49,-0.15015015015015015
2450,1,24,0,0.5718157181571815
2451,1,24,1,0.43333333333333335
2452,1,24,2,0.4555555555555556
2453,1,24,3,0.2222222222222222
2454,1,24,4,0.5098039215686274
2455,1,24,5,0.148989898989899
2456,1,24,6,0.34761904761904766
2457,1,24,7,0.19590643274853803
2458,1,24,8,0.32142857142857145
2459,1,24,9,-0.14864864864864868
2460,1,24,10,0.5979532163742691
2461,1,24,11,0.5097597597597598
2462,1,24,12,0.36111111111111116
2463,1,24,13,0.3198198198198199
2464,1,24,14,0.4786324786324786
2465,1,24,15,0.3088235294117647
2466,1,24,16,0.4465811965811966
2467,1,24,17,0.3304093567251462
2468,1,24,18,0.48015873015873023
2469,1,24,19,0.09210526315789469
2470,1,24,20,0.2777777777777778
2471,1,24,21,0.3874269005847954
2472,1,24,22,-0.20085470085470086
2473,1,24,23,0.20945945945945943
2474,1,24,24,0.3461538461538462
2475,1,24,25,0.2136752136752137
2476,1,24,26,0.2642642642642643
2477,1,24,27,0.12687687687687688
2478,1,24,28,0.031746031746031744
2479,1,24,29,-0.16880341880341887
2480,1,24,30,0.3282828282828283
2481,1,24,31,0.016516516516516533
2482,1,24,32,0.019230769230769273
2483,1,24,33,-0.15090090090090086
2484,1,24,34,0.01501501501501501
2485,1,24,35,-0.040598290598290565
2486,1,24,36,-0.15000000000000002
2487,1,24,37,-0.08333333333333337
2488,1,24,38,-0.17642642642642647
2489,1,24,39,-0.002525252525252597
2490,1,24,40,0.02614379084967322
2491,1,24,41,-0.0714285714285714
2492,1,24,42,-0.12936507936507935
2493,1,24,43,0.015582655826558267
2494,1,24,44,-0.14542483660130723
2495,1,24,45,-0.15634920634920635
2496,1,24,46,-0.04129129129129128
2497,1,24,47,-0.10555555555555562
2498,1,24,48,-0.09722222222222221
2499,1,24,49,-0.1871345029239766
