,l_a,sim,l_b,S
0,0,0,0,-0.023071852340145083
1,0,0,1,-0.09756097560975613
2,0,0,2,-0.060975609756097615
3,0,0,3,-0.04878048780487804
4,0,0,4,-0.09114249037227218
5,0,0,5,-0.1250781738586617
6,0,0,6,0.27468060394889665
7,0,0,7,0.3558474046278924
8,0,0,8,0.25203252032520324
9,0,0,9,0.6167247386759582
10,1,0,0,-0.5029900332225914
11,1,0,1,-0.49767441860465117
12,1,0,2,-0.40116279069767447
13,1,0,3,-0.3425518541797611
14,1,0,4,-0.3030095759233926
15,1,0,5,-0.4709302325581395
16,1,0,6,-0.3740310077519379
17,1,0,7,-0.45497912939773405
18,1,0,8,-0.21481028151774784
19,1,0,9,0.08837209302325577
